BusinessTravel,DailyRate,DistanceFromHome,HourlyRate,JobInvolvement,JobSatisfaction,MaritalStatus,MonthlyIncome,MonthlyRate,OverTime,PercentSalaryHike,PerformanceRating,RelationshipSatisfaction,WorkLifeBalance,YearsAtCompany,YearsInCurrentRole,YearsSinceLastPromotion,YearsWithCurrManager
Travel_Rarely,1102,1,94,3,4,Single,5993,19479,Yes,11,3,1,1,6,4,0,5
Travel_Frequently,279,8,61,2,2,Married,5130,24907,No,23,4,4,3,10,7,1,7
Travel_Rarely,1373,2,92,2,3,Single,2090,2396,Yes,15,3,2,3,0,0,0,0
Travel_Frequently,1392,3,56,3,3,Married,2909,23159,Yes,11,3,3,3,8,7,3,0
Travel_Rarely,591,2,40,3,2,Married,3468,16632,No,12,3,4,3,2,2,2,2
Travel_Frequently,1005,2,79,3,4,Single,3068,11864,No,13,3,3,2,7,7,3,6
Travel_Rarely,1324,3,81,4,1,Married,2670,9964,Yes,20,4,1,2,1,0,0,0
Travel_Rarely,1358,24,67,3,3,Divorced,2693,13335,No,22,4,2,3,1,0,0,0
Travel_Frequently,216,23,44,2,3,Single,9526,8787,No,21,4,2,3,9,7,1,8
Travel_Rarely,1299,27,94,3,3,Married,5237,16577,No,13,3,2,2,7,7,7,7
Travel_Rarely,809,16,84,4,2,Married,2426,16479,No,13,3,3,3,5,4,0,3
Travel_Rarely,153,15,49,2,3,Single,4193,12682,Yes,12,3,4,3,9,5,0,8
Travel_Rarely,670,26,31,3,3,Divorced,2911,15170,No,17,3,4,2,5,2,4,3
Travel_Rarely,1346,19,93,3,4,Divorced,2661,8758,No,11,3,3,3,2,2,1,2
Travel_Rarely,103,24,50,2,3,Single,2028,12947,Yes,14,3,2,3,4,2,0,3
Travel_Rarely,1389,21,51,4,1,Divorced,9980,10195,No,11,3,3,3,10,9,8,8
Travel_Rarely,334,5,80,4,2,Divorced,3298,15053,Yes,12,3,4,2,6,2,0,5
Non-Travel,1123,16,96,4,4,Divorced,2935,7324,Yes,13,3,2,2,1,0,0,0
Travel_Rarely,1219,2,78,2,4,Married,15427,22021,No,16,3,3,3,25,8,3,7
Travel_Rarely,371,2,45,3,4,Single,3944,4306,Yes,11,3,3,3,3,2,1,2
Non-Travel,673,11,96,4,3,Divorced,4011,8232,No,18,3,4,2,4,2,1,3
Travel_Rarely,1218,9,82,2,1,Single,3407,6986,No,23,4,2,3,5,3,0,3
Travel_Rarely,419,7,53,3,2,Single,11994,21293,No,11,3,3,3,12,6,2,11
Travel_Rarely,391,15,96,3,4,Single,1232,19281,No,14,3,4,3,0,0,0,0
Travel_Rarely,699,6,83,3,1,Single,2960,17102,No,11,3,3,3,4,2,1,3
Travel_Rarely,1282,5,58,3,3,Divorced,19094,10735,No,11,3,4,2,14,13,4,8
Travel_Frequently,1125,16,72,1,1,Single,3919,4681,Yes,22,4,2,3,10,2,6,7
Travel_Rarely,691,8,48,3,2,Married,6825,21173,No,11,3,4,3,9,7,4,2
Travel_Rarely,477,7,42,2,4,Married,10248,2094,No,14,3,4,3,22,6,5,17
Travel_Rarely,705,2,83,3,1,Single,18947,22822,No,12,3,4,2,2,2,2,1
Travel_Rarely,924,2,78,3,4,Single,2496,6670,No,11,3,4,3,1,1,0,0
Travel_Rarely,1459,10,41,3,4,Married,6465,19121,Yes,13,3,4,4,4,2,1,3
Travel_Rarely,125,9,83,2,3,Single,2206,16117,No,13,3,1,3,10,0,1,8
Travel_Rarely,895,5,56,3,4,Married,2086,3335,No,14,3,3,4,1,0,0,0
Travel_Rarely,813,1,61,3,4,Married,2293,3020,Yes,16,3,1,2,2,0,2,0
Travel_Rarely,1273,2,72,4,3,Divorced,2645,21923,No,12,3,4,2,5,3,1,4
Travel_Rarely,869,3,86,2,3,Married,2683,3810,Yes,14,3,3,3,3,2,0,2
Travel_Rarely,890,2,97,3,4,Married,2014,9687,No,13,3,1,3,2,2,2,2
Travel_Rarely,852,5,82,2,1,Married,3419,13072,Yes,14,3,4,4,1,1,0,0
Travel_Frequently,1141,1,42,4,1,Married,5376,3193,No,19,3,1,3,5,3,1,3
Travel_Rarely,464,4,75,3,4,Divorced,1951,10910,No,12,3,3,3,1,0,0,0
Travel_Rarely,1240,2,33,3,1,Divorced,2341,19715,No,13,3,4,3,1,0,0,0
Travel_Rarely,1357,25,48,1,3,Single,2293,10558,No,12,3,3,2,1,0,0,1
Travel_Frequently,994,8,37,3,3,Single,8726,2975,No,15,3,4,3,9,8,1,7
Travel_Frequently,721,1,58,3,4,Single,4011,10781,No,23,4,4,3,12,8,3,7
Travel_Rarely,1360,12,49,3,3,Married,19545,16280,No,12,3,4,3,22,15,15,8
Non-Travel,1065,23,72,3,3,Single,4568,10034,No,20,4,3,3,9,5,8,7
Travel_Rarely,408,19,73,3,2,Married,3022,10227,No,21,4,1,3,1,0,0,0
Travel_Frequently,1211,5,98,3,4,Single,5772,20445,Yes,21,4,3,3,9,6,0,8
Travel_Rarely,1229,8,36,4,4,Married,2269,4892,No,19,3,4,3,1,0,0,1
Travel_Rarely,626,1,98,2,3,Single,5381,19294,Yes,13,3,4,3,1,0,0,0
Travel_Rarely,1434,5,50,3,3,Single,3441,11179,Yes,13,3,3,2,2,2,2,2
Travel_Rarely,1488,1,75,3,1,Divorced,5454,4009,Yes,21,4,3,2,4,3,1,3
Non-Travel,1097,11,79,2,1,Married,9884,8302,Yes,13,3,3,3,4,0,2,3
Travel_Rarely,1443,23,47,2,4,Married,4157,21436,Yes,19,3,3,2,2,2,0,0
Travel_Frequently,515,1,98,3,4,Single,13458,15146,Yes,12,3,3,3,15,14,8,12
Travel_Frequently,853,18,71,3,1,Married,9069,11031,No,22,4,4,2,9,8,1,8
Travel_Rarely,1142,23,30,3,1,Married,4014,16002,Yes,15,3,3,3,2,2,2,2
Travel_Rarely,655,7,48,3,4,Divorced,5915,9528,No,22,4,4,2,7,7,1,7
Travel_Rarely,1115,1,51,2,3,Divorced,5993,2689,No,18,3,3,4,7,5,0,7
Travel_Rarely,427,1,33,3,4,Married,6162,10877,Yes,22,4,2,3,9,8,7,8
Travel_Frequently,653,29,50,3,4,Single,2406,5456,No,11,3,4,3,10,3,9,9
Travel_Rarely,989,7,43,2,3,Divorced,18740,16701,Yes,12,3,4,2,27,3,13,8
Travel_Rarely,1435,25,99,3,1,Single,7637,2354,No,11,3,4,2,21,16,7,9
Travel_Rarely,1223,8,59,3,3,Divorced,10096,8202,No,13,3,2,3,17,14,12,8
Travel_Rarely,836,8,33,3,3,Divorced,14756,19730,Yes,14,3,3,3,5,0,0,2
Travel_Frequently,1195,11,95,2,2,Single,6499,22656,No,13,3,3,3,6,5,0,3
Travel_Rarely,1339,7,59,3,1,Divorced,9724,18787,No,17,3,3,3,1,0,0,0
Travel_Frequently,664,1,79,3,1,Married,2194,5868,No,13,3,4,2,3,2,1,2
Travel_Rarely,318,9,79,2,3,Married,3388,21777,Yes,17,3,1,2,1,0,0,0
Travel_Frequently,1225,1,57,2,3,Single,5473,24668,No,11,3,4,2,4,3,1,3
Travel_Rarely,1328,2,76,3,2,Married,2703,4956,No,23,4,4,3,5,4,0,4
Travel_Rarely,1082,1,87,3,2,Single,2501,18775,No,17,3,2,3,1,1,1,0
Travel_Rarely,548,1,66,3,2,Married,6220,7346,No,17,3,2,3,10,4,0,9
Travel_Rarely,132,6,55,4,4,Married,3038,22002,No,12,3,2,3,1,0,0,0
Travel_Rarely,746,8,61,3,4,Single,4424,20682,No,23,4,4,3,11,7,1,8
Travel_Rarely,776,1,32,2,1,Single,4312,23016,No,14,3,2,3,15,13,2,8
Travel_Rarely,193,6,52,3,1,Married,13245,15067,Yes,14,3,2,4,0,0,0,0
Travel_Rarely,397,7,30,3,3,Single,13664,25258,No,13,3,1,4,5,2,0,2
Travel_Rarely,945,5,80,3,2,Divorced,5021,10425,Yes,22,4,4,3,4,2,0,2
Travel_Rarely,852,1,55,2,4,Married,5126,15998,Yes,12,3,3,2,10,8,3,0
Travel_Rarely,1214,1,30,2,3,Single,2859,26278,No,18,3,1,3,6,4,0,4
Travel_Rarely,111,1,70,3,4,Married,10239,18092,No,14,3,4,3,1,0,1,0
Non-Travel,573,6,79,1,4,Divorced,5329,15717,Yes,12,3,4,3,13,11,1,9
Travel_Rarely,1153,1,94,3,2,Married,4325,17736,No,15,3,3,3,5,2,1,3
Travel_Rarely,1400,7,49,1,4,Single,7260,21698,No,11,3,1,2,6,4,0,2
Travel_Rarely,541,2,62,3,1,Divorced,2322,9518,No,13,3,3,3,0,0,0,0
Travel_Rarely,432,9,96,3,4,Married,2075,18725,No,23,4,2,3,4,2,0,3
Travel_Rarely,288,2,99,2,4,Married,4152,15830,No,19,3,1,3,11,10,10,8
Travel_Rarely,669,9,64,2,4,Single,9619,13596,No,16,3,4,3,9,8,4,7
Travel_Frequently,530,1,78,2,2,Married,13503,14115,No,22,4,4,2,22,3,11,11
Travel_Rarely,632,21,71,3,4,Single,5441,8423,Yes,22,4,4,1,10,7,1,0
Travel_Rarely,1334,4,63,2,2,Divorced,5209,19760,Yes,12,3,2,2,11,8,2,7
Travel_Frequently,638,1,40,2,1,Married,10673,3142,Yes,13,3,3,2,10,9,9,5
Travel_Rarely,1093,6,87,3,3,Single,5010,24301,No,16,3,1,3,11,8,5,7
Travel_Rarely,1217,2,60,3,3,Married,13549,24001,No,12,3,1,1,4,3,0,3
Travel_Rarely,1353,3,33,3,3,Married,4999,17519,No,21,4,1,2,3,2,0,2
Non-Travel,120,4,43,3,3,Married,4221,8863,No,15,3,2,4,5,4,0,4
Travel_Rarely,682,10,37,3,3,Single,13872,24409,No,13,3,3,2,37,10,1,8
Non-Travel,489,23,67,3,2,Married,2042,25043,No,12,3,3,4,3,2,1,2
Travel_Rarely,807,6,63,3,1,Divorced,2073,23648,Yes,22,4,4,3,3,2,0,2
Travel_Rarely,827,1,71,3,1,Single,2956,15178,No,13,3,4,3,1,0,0,0
Travel_Frequently,871,6,66,2,4,Single,2926,19783,Yes,18,3,2,3,1,0,1,0
Travel_Rarely,665,6,41,3,3,Single,4809,12482,No,14,3,3,3,16,13,2,10
Non-Travel,1040,2,100,2,4,Divorced,5163,15850,No,14,3,4,4,1,0,0,0
Non-Travel,1420,2,32,2,4,Married,18844,21922,No,21,4,4,3,3,2,2,2
Travel_Frequently,1115,1,73,3,2,Married,18172,9755,Yes,19,3,1,2,8,3,0,7
Travel_Rarely,240,5,46,2,3,Single,5744,26959,Yes,11,3,4,3,6,4,0,3
Travel_Rarely,1280,7,64,2,4,Married,2889,26897,No,11,3,3,3,2,2,2,1
Travel_Rarely,534,15,59,3,4,Single,2871,23785,No,15,3,3,3,0,0,0,0
Travel_Frequently,1456,1,30,2,1,Single,7484,25796,No,20,4,3,2,13,12,12,8
Travel_Frequently,658,7,66,1,3,Single,6074,22887,Yes,24,4,4,3,9,7,0,6
Non-Travel,142,26,30,4,4,Single,17328,13871,Yes,12,3,3,3,5,3,4,4
Travel_Rarely,1127,18,52,3,3,Married,2774,13257,No,12,3,3,3,5,3,1,2
Travel_Rarely,1031,6,45,2,2,Divorced,4505,15000,No,15,3,3,3,1,0,0,0
Travel_Rarely,1189,3,87,3,4,Single,7428,14506,No,12,3,1,3,5,3,1,3
Travel_Rarely,1354,5,45,2,1,Single,11631,5615,No,12,3,4,3,11,10,5,8
Travel_Frequently,1467,11,92,3,4,Married,9738,22952,No,14,3,3,3,9,7,2,8
Travel_Rarely,922,3,39,3,4,Divorced,2835,2561,No,22,4,1,3,1,0,0,0
Travel_Frequently,394,26,92,3,4,Married,16959,19494,Yes,12,3,4,4,25,12,4,12
Travel_Frequently,1312,23,96,1,3,Divorced,2613,22310,No,25,4,3,2,10,7,0,9
Non-Travel,750,22,95,3,2,Married,6146,15480,No,13,3,1,4,7,7,0,7
Travel_Rarely,441,14,72,3,2,Married,4963,4510,Yes,18,3,1,3,5,4,4,3
Travel_Rarely,684,6,51,3,3,Single,19537,6462,No,13,3,3,3,20,18,15,15
Travel_Rarely,249,6,76,1,3,Married,6172,20739,Yes,18,3,2,2,7,7,7,7
Travel_Rarely,841,6,46,2,2,Married,2368,23300,No,19,3,3,2,5,4,4,3
Travel_Rarely,147,23,94,3,4,Married,10312,3465,No,12,3,4,2,40,10,15,6
Travel_Rarely,528,22,50,3,3,Single,1675,26820,Yes,19,3,4,2,0,0,0,0
Travel_Rarely,594,2,100,3,4,Married,2523,19299,No,14,3,3,3,2,1,2,1
Travel_Rarely,470,20,96,3,1,Married,6567,5549,No,14,3,3,2,15,11,5,11
Travel_Frequently,957,28,72,4,3,Single,4739,16090,No,12,3,4,3,3,2,1,2
Travel_Frequently,809,12,77,3,4,Single,9208,6645,No,11,3,4,3,2,2,2,1
Travel_Rarely,542,20,71,1,3,Married,4559,24788,Yes,11,3,3,3,2,2,2,2
Travel_Rarely,802,9,96,3,3,Divorced,8189,21196,Yes,13,3,3,3,9,7,0,7
Travel_Rarely,1355,25,61,3,3,Married,2942,8916,No,23,4,4,3,8,7,5,7
Travel_Rarely,216,6,84,3,2,Divorced,4941,2819,No,20,4,4,3,3,2,0,1
Travel_Frequently,1150,8,53,1,4,Single,10650,25150,No,15,3,4,3,4,2,0,3
Travel_Rarely,1329,4,47,2,3,Married,5902,14590,No,14,3,3,4,15,11,5,9
Travel_Rarely,959,28,41,2,3,Married,8639,24835,No,18,3,4,3,2,2,2,2
Travel_Rarely,1240,9,48,3,4,Married,6347,13982,Yes,19,3,4,1,11,9,4,7
Travel_Rarely,1033,9,41,3,1,Single,4200,10224,No,22,4,1,4,5,4,0,4
Travel_Rarely,1316,29,83,3,4,Single,3452,9752,No,13,3,2,2,6,5,0,3
Travel_Rarely,364,3,32,3,3,Single,4317,2302,Yes,20,4,2,3,3,2,2,2
Travel_Rarely,438,18,75,3,3,Single,2632,23910,No,14,3,3,2,5,4,0,4
Travel_Frequently,689,9,35,1,4,Divorced,4668,22812,No,17,3,4,4,8,7,0,7
Travel_Rarely,201,5,84,3,1,Divorced,3204,10415,No,14,3,4,3,3,2,2,2
Travel_Rarely,1427,2,35,2,4,Single,2720,11162,No,13,3,4,3,5,3,1,2
Travel_Frequently,857,10,91,2,1,Divorced,17181,12888,No,13,3,2,2,7,6,7,7
Travel_Rarely,933,9,94,3,1,Married,2238,6961,No,21,4,4,3,5,0,1,4
Travel_Rarely,1181,3,79,3,2,Single,1483,16102,No,14,3,4,3,1,0,0,0
Travel_Frequently,1395,26,54,3,2,Divorced,5605,8504,No,11,3,1,3,20,7,2,13
Travel_Rarely,662,1,94,3,2,Married,7295,11439,No,13,3,1,3,10,8,0,6
Travel_Rarely,1436,6,34,3,3,Married,2306,16047,Yes,20,4,4,1,7,7,4,5
Travel_Rarely,194,9,60,3,2,Divorced,2348,10901,No,18,3,3,1,17,9,0,15
Travel_Frequently,967,8,43,3,4,Single,8998,15589,No,14,3,4,3,9,8,3,7
Non-Travel,1496,1,41,3,3,Married,4319,26283,No,13,3,1,3,10,7,0,9
Travel_Rarely,1169,7,34,2,3,Married,6132,13983,No,17,3,3,3,1,0,0,0
Travel_Rarely,1145,9,75,2,2,Married,3346,11873,Yes,20,4,2,2,1,0,0,0
Travel_Rarely,630,4,67,2,4,Married,10855,8552,No,11,3,1,2,12,11,2,11
Travel_Frequently,303,2,75,3,3,Married,2231,11314,No,18,3,4,3,4,3,1,2
Travel_Rarely,1256,19,80,3,4,Married,2323,11992,No,24,4,1,3,2,2,2,2
Non-Travel,691,9,57,3,2,Divorced,2024,5970,No,18,3,4,1,2,2,2,2
Travel_Rarely,440,21,42,3,4,Married,2713,6672,No,11,3,3,1,5,2,0,2
Travel_Rarely,334,24,83,4,4,Divorced,9439,23402,Yes,16,3,2,1,5,3,1,4
Non-Travel,1450,3,79,2,3,Divorced,2566,25326,Yes,15,3,4,2,1,1,0,1
Travel_Rarely,1452,11,53,3,2,Single,19926,17053,No,15,3,2,3,5,4,4,4
Travel_Rarely,465,14,56,3,3,Divorced,2451,4609,No,12,3,1,3,9,8,1,8
Travel_Rarely,1339,5,41,3,4,Married,9419,8053,No,12,3,3,3,10,9,7,4
Travel_Rarely,702,1,59,2,4,Single,8686,12930,No,22,4,3,4,8,3,0,7
Travel_Rarely,120,6,43,3,3,Single,3038,12430,No,20,4,1,3,5,4,1,4
Travel_Rarely,1157,17,51,3,2,Married,3058,13364,Yes,16,3,4,2,5,2,1,1
Travel_Frequently,602,1,100,1,1,Single,2325,20989,No,21,4,1,4,0,0,0,0
Travel_Frequently,1480,3,30,3,2,Single,2088,15062,No,12,3,3,2,8,7,7,2
Non-Travel,111,9,66,3,1,Divorced,3072,11012,No,11,3,3,3,12,9,6,10
Travel_Rarely,1268,4,30,3,1,Divorced,5006,6319,Yes,11,3,1,4,5,4,0,3
Travel_Rarely,713,8,67,3,1,Divorced,4257,13939,Yes,18,3,3,3,2,2,2,2
Travel_Rarely,134,2,90,3,4,Single,2500,10515,No,14,3,1,4,3,1,0,2
Travel_Rarely,303,2,47,2,4,Single,1102,9241,No,22,4,3,2,1,0,1,0
Travel_Rarely,526,1,92,3,1,Divorced,10453,2137,No,25,4,3,3,24,13,15,7
Travel_Rarely,1380,9,75,3,4,Single,2288,6319,No,12,3,3,3,2,2,2,1
Travel_Rarely,140,12,95,3,4,Married,3929,6984,Yes,23,4,3,3,4,2,0,2
Travel_Rarely,629,27,95,3,2,Single,2311,5711,No,15,3,4,3,3,2,1,2
Travel_Rarely,1356,20,70,3,2,Single,3140,21728,Yes,22,4,4,2,4,3,0,2
Travel_Rarely,328,1,86,2,3,Married,3690,3425,No,15,3,4,2,3,2,0,2
Travel_Rarely,1084,13,57,4,1,Divorced,4450,26250,No,11,3,3,3,4,2,1,3
Travel_Rarely,931,14,72,3,2,Married,2756,4673,No,13,3,4,3,8,7,1,6
Travel_Rarely,989,4,46,3,3,Married,19033,6499,No,14,3,2,3,20,8,9,9
Travel_Rarely,692,14,61,4,2,Single,18722,13339,No,11,3,4,3,24,15,2,15
Travel_Frequently,1069,2,45,2,3,Married,9547,14074,No,17,3,3,2,10,9,1,9
Travel_Rarely,313,3,98,3,2,Single,13734,7192,No,18,3,3,3,7,7,1,0
Travel_Rarely,699,1,65,2,3,Married,19999,5678,No,14,3,1,3,33,18,11,9
Travel_Rarely,894,9,99,3,2,Single,2279,11781,No,16,3,4,2,7,7,0,3
Travel_Rarely,556,23,50,2,3,Married,5916,15497,Yes,13,3,1,3,1,0,0,1
Non-Travel,1344,7,37,4,4,Divorced,2089,5228,No,14,3,4,4,5,4,2,2
Non-Travel,1195,2,65,2,4,Married,16792,20462,No,23,4,4,3,20,8,11,8
Travel_Rarely,290,21,65,4,1,Married,3564,22977,Yes,12,3,1,2,8,7,1,7
Travel_Frequently,138,2,37,3,2,Single,4425,15986,No,11,3,4,3,6,2,1,2
Non-Travel,926,21,36,3,3,Divorced,5265,16439,No,16,3,2,3,5,3,0,2
Travel_Rarely,1261,2,88,3,3,Married,6553,7259,No,14,3,2,3,1,0,0,0
Travel_Rarely,1084,29,54,3,4,Married,6261,4185,No,18,3,1,1,7,7,1,7
Travel_Frequently,472,1,60,2,1,Married,4298,9679,No,19,3,3,3,2,2,2,0
Non-Travel,1002,18,92,3,4,Divorced,6804,23793,Yes,15,3,1,3,7,7,1,7
Travel_Frequently,878,10,43,3,3,Divorced,3815,5972,Yes,17,3,4,4,5,3,2,0
Travel_Rarely,905,19,99,3,4,Married,2741,16523,Yes,15,3,3,4,7,2,3,7
Travel_Rarely,1180,29,70,3,1,Married,6673,11354,Yes,19,3,2,3,1,0,0,0
Travel_Rarely,121,27,35,3,4,Married,7639,24525,No,22,4,4,2,10,4,1,9
Travel_Rarely,1136,5,60,4,2,Divorced,2328,12392,Yes,16,3,1,2,4,2,2,2
Travel_Frequently,635,18,73,3,4,Single,2153,7703,No,13,3,1,3,8,1,1,7
Non-Travel,1151,9,63,2,4,Married,4876,14242,No,14,3,4,1,3,2,0,2
Travel_Rarely,644,1,97,3,1,Divorced,9396,12368,No,16,3,3,3,4,2,0,3
Travel_Rarely,1045,4,32,1,4,Married,10400,25812,No,11,3,3,2,14,8,9,8
Non-Travel,829,1,88,2,3,Single,8474,20925,No,22,4,3,3,11,8,5,8
Travel_Frequently,1242,20,90,3,3,Single,9981,12916,No,14,3,4,3,7,7,0,7
Travel_Rarely,1469,8,81,2,2,Married,12490,15736,No,16,3,4,1,10,9,4,7
Travel_Rarely,1005,3,88,3,1,Single,2657,8556,Yes,11,3,3,3,5,2,0,4
Travel_Rarely,896,6,75,3,4,Single,13591,14674,Yes,18,3,3,3,1,0,0,0
Travel_Frequently,334,26,52,2,1,Single,6696,22967,No,15,3,3,2,6,3,0,1
Travel_Rarely,992,1,85,3,3,Single,2058,19757,No,14,3,4,2,6,2,1,5
Non-Travel,1052,6,57,2,4,Single,8865,16840,No,12,3,4,3,19,7,12,8
Travel_Rarely,1147,3,52,3,1,Married,5940,17011,No,14,3,4,3,6,2,0,5
Travel_Rarely,1396,5,62,3,2,Single,5914,9945,No,16,3,4,4,13,11,3,7
Travel_Rarely,147,4,47,2,2,Married,2622,13248,No,21,4,4,3,3,2,1,1
Travel_Frequently,663,11,47,3,4,Divorced,12185,10056,Yes,14,3,3,3,10,8,0,7
Travel_Rarely,119,3,76,3,3,Divorced,10609,9647,No,12,3,3,2,16,10,5,13
Non-Travel,979,1,90,1,3,Married,4345,4381,No,12,3,4,3,5,4,1,4
Travel_Rarely,142,3,70,2,4,Married,2177,8456,No,17,3,1,3,1,0,0,0
Travel_Frequently,319,4,41,3,4,Divorced,2793,2539,No,17,3,3,3,9,8,5,8
Travel_Frequently,1413,1,42,3,4,Married,7918,6599,No,14,3,4,3,11,10,4,1
Travel_Frequently,944,1,92,3,3,Single,8789,9096,No,14,3,1,4,10,7,0,8
Travel_Rarely,896,18,86,2,4,Single,2389,14961,Yes,13,3,3,2,4,3,0,1
Travel_Rarely,1323,2,89,2,4,Single,3212,3300,No,15,3,2,2,2,2,2,2
Travel_Rarely,532,4,58,3,4,Married,19232,4933,No,11,3,4,3,22,17,11,15
Travel_Rarely,818,6,52,3,3,Married,2267,25657,No,17,3,4,2,2,2,2,2
Travel_Rarely,854,1,68,3,4,Divorced,19517,24118,No,11,3,3,2,7,0,0,6
Travel_Rarely,813,14,58,3,4,Married,2436,22149,Yes,13,3,3,1,5,4,0,4
Travel_Rarely,1034,16,80,3,4,Married,16064,7744,Yes,22,4,3,3,17,13,1,9
Travel_Rarely,465,2,39,3,1,Married,2707,21509,No,20,4,1,4,9,7,1,7
Non-Travel,771,2,79,2,3,Single,19068,21030,Yes,18,3,4,4,33,7,15,12
Travel_Rarely,1401,4,56,3,2,Married,3931,20990,No,11,3,1,3,4,3,1,2
Travel_Rarely,515,1,62,2,3,Single,3730,9571,Yes,14,3,4,1,3,2,1,2
Travel_Rarely,1431,1,96,3,3,Divorced,2232,15417,No,14,3,3,3,3,2,1,2
Non-Travel,976,26,100,3,4,Married,4465,12069,No,18,3,1,3,3,2,2,2
Travel_Rarely,1411,19,36,3,1,Divorced,3072,19877,No,16,3,1,2,1,0,0,0
Travel_Rarely,1300,24,62,3,4,Divorced,3319,24447,No,17,3,1,3,9,8,4,7
Travel_Rarely,252,1,70,4,4,Married,19202,15970,No,11,3,3,3,24,0,1,7
Travel_Frequently,1327,3,73,3,3,Divorced,13675,13523,No,12,3,1,3,2,2,2,2
Travel_Rarely,832,5,63,2,4,Married,2911,14776,No,13,3,3,2,2,2,0,2
Travel_Rarely,470,2,84,2,1,Married,5957,23687,No,13,3,2,3,11,9,5,9
Travel_Rarely,1017,1,83,2,1,Married,3920,18697,No,14,3,1,2,3,1,0,2
Travel_Frequently,1199,7,77,4,3,Married,6434,5118,No,17,3,4,3,3,2,0,2
Travel_Frequently,504,10,61,3,3,Divorced,10048,22573,No,11,3,2,3,1,0,0,0
Travel_Frequently,505,2,64,3,3,Single,10938,6420,No,25,4,4,3,19,6,11,8
Travel_Rarely,665,15,60,3,4,Single,2340,22673,No,19,3,1,3,6,5,1,5
Travel_Rarely,916,17,82,4,1,Single,6545,23016,Yes,13,3,3,3,3,2,0,2
Travel_Rarely,1247,20,45,3,4,Divorced,6931,10732,No,14,3,4,3,3,2,0,2
Travel_Rarely,685,1,62,3,3,Married,4898,7505,No,12,3,4,3,4,2,1,2
Travel_Rarely,269,2,56,2,1,Divorced,2593,8007,Yes,11,3,3,3,9,6,7,8
Travel_Rarely,1416,2,49,3,3,Divorced,19436,5949,No,19,3,4,3,21,7,3,9
Travel_Rarely,833,1,96,3,4,Married,2723,23231,No,11,3,2,2,1,0,0,0
Travel_Frequently,307,29,71,2,2,Single,3479,11652,No,11,3,2,4,5,4,1,4
Travel_Frequently,1311,7,100,4,2,Married,2794,26062,No,20,4,3,1,5,1,0,3
Non-Travel,1327,2,39,2,4,Married,5249,19682,No,18,3,4,3,8,7,7,5
Travel_Rarely,128,2,84,2,1,Single,2176,19737,No,13,3,4,3,6,2,0,4
Travel_Rarely,488,2,75,1,2,Married,16872,14977,Yes,12,3,2,2,7,7,7,7
Travel_Rarely,529,2,79,3,3,Single,3485,14935,No,11,3,3,1,0,0,0,0
Travel_Rarely,1210,2,78,2,2,Married,6644,3687,No,19,3,2,3,0,0,0,0
Travel_Rarely,1463,23,64,2,4,Married,5582,14408,No,21,4,2,3,9,0,7,8
Non-Travel,675,5,85,4,1,Divorced,4000,18384,No,12,3,4,3,6,3,1,5
Travel_Rarely,1385,20,79,3,4,Married,13496,7501,Yes,14,3,2,3,20,7,4,10
Travel_Rarely,1403,6,47,3,4,Married,3210,20251,No,11,3,3,3,15,13,10,11
Travel_Rarely,452,1,81,3,1,Single,19045,18938,Yes,14,3,3,3,36,10,4,13
Non-Travel,666,29,88,3,2,Married,11849,10268,Yes,12,3,4,2,10,7,9,9
Travel_Rarely,1158,9,94,3,4,Married,2070,2613,No,23,4,4,2,5,2,0,4
Travel_Rarely,228,6,98,3,4,Married,6502,22825,No,14,3,2,4,5,4,0,1
Travel_Rarely,996,3,100,2,3,Single,3230,10531,No,17,3,1,4,3,2,1,0
Non-Travel,728,1,80,3,4,Divorced,13603,11677,Yes,18,3,1,3,5,2,0,2
Travel_Rarely,1315,22,71,4,2,Divorced,11996,19100,No,18,3,2,2,7,7,6,2
Travel_Rarely,322,7,44,4,1,Divorced,5605,19191,Yes,24,4,3,3,8,0,7,7
Travel_Frequently,1479,1,84,3,2,Divorced,6397,26767,No,20,4,1,1,6,5,1,4
Travel_Rarely,797,4,96,3,2,Divorced,19144,15815,No,14,3,1,2,10,4,1,6
Travel_Rarely,1070,3,45,3,3,Married,17584,21016,Yes,16,3,4,2,5,3,1,3
Travel_Rarely,635,1,99,3,3,Married,4907,24532,No,25,4,3,3,20,16,11,6
Travel_Frequently,442,2,44,3,4,Single,4554,20260,No,18,3,1,2,10,7,0,9
Travel_Rarely,147,20,37,3,4,Married,5415,15972,Yes,19,3,4,3,10,7,0,8
Travel_Frequently,496,11,60,3,1,Married,4741,22722,Yes,13,3,3,3,5,3,3,3
Travel_Rarely,1372,1,42,3,4,Single,2115,15881,No,12,3,2,3,17,12,5,7
Travel_Frequently,920,24,43,3,3,Divorced,3161,19920,Yes,22,4,4,1,1,0,0,0
Travel_Rarely,688,23,82,3,4,Divorced,5745,18899,No,14,3,2,3,2,2,1,2
Travel_Rarely,1449,16,45,3,2,Divorced,2373,14180,Yes,13,3,4,3,3,2,0,2
Travel_Rarely,1117,8,66,3,4,Single,3310,4488,No,21,4,4,3,5,3,0,2
Travel_Frequently,636,10,35,3,1,Single,18665,25594,Yes,11,3,4,3,3,2,1,2
Travel_Rarely,506,3,30,3,2,Single,4485,26285,No,12,3,4,3,8,0,7,7
Travel_Frequently,444,5,84,3,2,Divorced,2789,3909,No,11,3,3,2,2,2,2,2
Travel_Rarely,950,4,48,2,4,Single,5828,8450,Yes,12,3,2,3,8,7,7,4
Travel_Frequently,889,9,53,3,4,Married,2326,11411,Yes,12,3,3,2,4,2,1,2
Travel_Frequently,555,26,77,3,2,Married,13525,14864,No,14,3,4,4,20,4,4,8
Travel_Rarely,230,3,54,3,3,Single,1420,25233,No,13,3,3,3,0,0,0,0
Travel_Rarely,1232,16,96,3,2,Married,8020,5100,No,15,3,3,2,11,9,6,9
Travel_Frequently,566,18,81,4,4,Married,3688,7122,No,18,3,4,3,1,0,0,0
Travel_Rarely,1302,2,84,1,2,Divorced,5482,16321,No,18,3,4,3,4,1,1,2
Travel_Rarely,334,2,88,3,2,Single,16015,15896,No,19,3,2,3,22,10,0,4
Travel_Rarely,812,10,69,2,3,Single,1200,9724,No,12,3,1,3,0,0,0,0
Travel_Rarely,1476,16,68,4,1,Single,5661,4824,No,19,3,3,3,8,3,0,7
Travel_Rarely,218,7,100,4,4,Married,6929,12241,No,11,3,2,2,8,7,7,7
Travel_Rarely,1132,1,48,4,4,Divorced,9613,10942,No,17,3,1,2,18,10,3,7
Non-Travel,1105,24,47,3,2,Married,5674,6927,No,15,3,3,3,9,8,0,8
Travel_Rarely,906,7,91,2,3,Married,5484,16985,No,14,3,3,2,13,8,4,8
Travel_Rarely,849,25,81,2,2,Married,12061,26707,No,17,3,3,3,10,8,0,1
Non-Travel,390,1,32,1,3,Divorced,5660,17056,Yes,13,3,4,3,5,3,1,2
Travel_Rarely,691,5,86,3,4,Married,4821,10077,Yes,12,3,3,3,5,2,0,3
Travel_Rarely,106,2,62,2,1,Married,6410,17822,No,12,3,4,3,2,2,1,0
Travel_Frequently,1249,7,97,3,1,Divorced,5210,20308,No,18,3,1,3,24,9,9,11
Travel_Rarely,192,2,32,3,4,Divorced,2695,7747,Yes,18,3,2,1,2,2,2,2
Travel_Frequently,553,5,74,3,2,Married,11878,23364,No,11,3,2,3,10,6,8,8
Travel_Rarely,117,10,99,3,1,Married,17068,5355,Yes,14,3,4,3,21,9,11,10
Travel_Frequently,185,10,33,3,4,Single,2455,10675,No,19,3,1,3,8,7,1,7
Travel_Rarely,1091,1,90,2,3,Single,13964,17810,Yes,12,3,4,3,7,1,0,7
Travel_Rarely,723,8,85,2,2,Married,4941,17747,No,15,3,1,2,8,2,7,7
Travel_Rarely,1220,5,85,3,2,Single,2478,20938,Yes,12,3,2,2,4,3,1,2
Travel_Rarely,588,8,65,2,2,Married,5228,24624,Yes,11,3,4,3,13,12,11,9
Travel_Rarely,1377,2,74,3,3,Single,4478,5242,Yes,11,3,1,3,5,4,0,4
Travel_Rarely,691,7,73,3,4,Divorced,7547,7143,No,12,3,4,3,7,7,1,7
Travel_Rarely,1018,2,74,4,4,Single,5055,10557,No,16,3,3,2,7,7,0,7
Travel_Rarely,1157,2,84,1,4,Married,3464,24737,Yes,13,3,4,2,3,2,2,2
Travel_Rarely,1275,28,64,3,4,Married,5775,11934,No,13,3,4,3,10,8,1,9
Travel_Frequently,798,7,48,2,3,Married,8943,14034,No,24,4,1,3,10,9,8,9
Travel_Frequently,672,7,54,2,4,Married,19272,21141,No,15,3,1,3,21,9,13,3
Travel_Rarely,1162,3,41,3,3,Married,5238,17778,Yes,18,3,1,2,1,0,0,0
Travel_Frequently,508,10,46,2,4,Single,4682,4317,No,14,3,3,2,7,7,0,1
Travel_Rarely,1482,5,42,3,3,Married,18300,16375,No,11,3,2,3,3,2,1,1
Travel_Frequently,559,10,82,2,3,Divorced,5257,6227,No,11,3,2,4,9,7,0,0
Non-Travel,210,1,73,3,2,Married,6349,22107,Yes,13,3,4,3,5,4,1,4
Travel_Frequently,928,20,31,3,3,Single,4869,16885,No,12,3,4,2,4,3,0,3
Travel_Rarely,1001,7,43,3,1,Married,9985,9262,No,16,3,1,2,1,0,0,0
Travel_Rarely,549,8,75,3,4,Married,3697,9278,No,14,3,1,3,10,9,9,8
Travel_Rarely,1124,1,57,1,4,Married,7457,13273,Yes,22,4,3,2,4,3,0,2
Travel_Rarely,318,8,77,1,1,Married,2119,4759,Yes,11,3,4,2,7,7,0,7
Travel_Rarely,738,9,30,2,4,Single,3983,7621,No,17,3,3,3,3,2,2,2
Travel_Rarely,570,5,30,2,3,Divorced,6118,5431,No,13,3,3,3,10,9,1,2
Travel_Rarely,1130,8,56,3,2,Married,6214,3415,No,18,3,1,3,8,7,0,7
Travel_Rarely,1192,5,61,3,4,Divorced,6347,23177,No,16,3,3,2,6,2,0,4
Travel_Rarely,343,15,92,2,4,Divorced,11510,15682,Yes,14,3,2,3,11,10,2,9
Travel_Rarely,1232,7,39,3,4,Single,7143,25713,Yes,14,3,3,2,11,9,4,10
Travel_Rarely,144,10,39,2,2,Divorced,8268,11866,Yes,14,3,1,3,7,7,1,7
Travel_Rarely,1296,5,62,3,2,Single,8095,18264,No,13,3,4,3,16,6,0,13
Travel_Rarely,1309,26,83,3,4,Divorced,2904,16092,No,12,3,3,2,4,2,0,2
Travel_Rarely,483,6,95,2,2,Single,6032,10110,Yes,15,3,4,3,5,4,1,2
Travel_Frequently,1309,4,99,3,3,Single,2976,25751,No,19,3,1,3,0,0,0,0
Travel_Rarely,810,23,44,3,4,Single,15992,15901,No,14,3,2,3,1,0,0,0
Non-Travel,746,2,61,3,3,Married,4649,16928,No,14,3,1,2,4,3,0,2
Travel_Rarely,544,2,52,3,3,Divorced,2696,24017,Yes,11,3,3,3,3,2,1,0
Travel_Rarely,1062,2,75,3,2,Married,2370,3956,No,13,3,3,3,8,0,0,7
Travel_Rarely,530,29,91,3,3,Married,12504,23978,No,21,4,2,1,0,0,0,0
Travel_Rarely,1319,6,51,4,1,Divorced,5974,17001,Yes,13,3,1,3,7,7,6,7
Non-Travel,641,25,85,3,3,Married,4736,6069,Yes,12,3,2,4,2,2,2,2
Travel_Rarely,933,1,57,3,3,Married,5296,20156,No,17,3,2,3,8,7,7,7
Travel_Rarely,1332,2,98,2,4,Single,6781,17078,No,23,4,2,3,1,0,0,0
Travel_Frequently,756,1,99,2,2,Single,2174,9150,Yes,11,3,3,3,3,2,1,2
Non-Travel,845,1,45,3,4,Single,6653,15276,No,15,3,2,3,1,0,0,0
Travel_Frequently,541,3,48,2,4,Married,9699,7246,No,11,3,1,3,13,9,1,12
Travel_Rarely,593,1,88,3,3,Married,6755,2967,No,11,3,3,3,3,2,1,2
Travel_Rarely,1171,10,46,4,3,Married,2213,22495,Yes,13,3,3,3,7,7,1,7
Non-Travel,895,9,39,3,4,Single,2610,2851,No,24,4,3,2,3,2,2,2
Travel_Rarely,350,5,34,3,3,Single,2851,9150,Yes,13,3,2,3,1,0,0,0
Travel_Rarely,921,10,98,3,1,Married,3452,17663,No,20,4,2,3,5,4,0,3
Non-Travel,1144,7,30,3,3,Married,5258,16044,No,14,3,3,4,1,0,0,0
Travel_Frequently,143,4,56,3,2,Single,9355,9558,No,18,3,3,3,8,7,7,7
Travel_Rarely,1046,10,100,2,4,Single,10496,2755,No,15,3,4,3,4,3,1,3
Travel_Rarely,575,22,68,2,3,Married,6380,6110,Yes,12,3,1,3,6,4,1,0
Travel_Rarely,408,9,42,2,2,Single,2657,7551,Yes,16,3,4,3,2,2,2,2
Travel_Rarely,156,12,90,4,2,Single,2716,25422,No,15,3,4,3,1,0,0,0
Travel_Rarely,1283,23,54,3,4,Single,2201,18168,No,16,3,4,3,3,2,1,2
Travel_Rarely,755,9,97,2,2,Single,6540,19394,No,19,3,3,3,1,1,0,0
Travel_Rarely,1469,1,82,3,2,Divorced,3816,17881,No,11,3,2,3,5,2,0,4
Travel_Rarely,304,9,92,3,4,Single,5253,20750,No,16,3,4,3,7,5,0,7
Travel_Rarely,1261,7,31,2,3,Single,10965,12066,No,24,4,3,3,5,2,0,0
Travel_Rarely,1178,14,87,3,4,Married,4936,14862,No,11,3,3,2,7,7,0,7
Travel_Rarely,329,2,96,3,3,Married,2543,11868,No,13,3,2,3,2,2,2,2
Non-Travel,1362,19,67,4,4,Single,5304,4652,Yes,13,3,2,2,5,2,0,4
Travel_Rarely,1311,2,97,3,4,Single,16659,23258,Yes,13,3,3,3,5,4,1,2
Travel_Rarely,1371,10,77,3,3,Divorced,4260,5915,Yes,12,3,4,4,5,2,0,3
Travel_Rarely,202,2,72,3,2,Married,2476,17434,No,18,3,1,3,1,0,0,0
Travel_Frequently,575,3,73,3,1,Single,3102,6582,No,22,4,3,3,6,4,0,4
Travel_Rarely,253,11,43,3,2,Married,2244,24440,No,13,3,4,3,2,1,1,2
Travel_Rarely,164,2,61,2,3,Married,7596,3809,No,13,3,2,3,10,9,9,0
Travel_Frequently,464,4,40,3,4,Single,2285,3427,Yes,23,4,3,3,1,0,0,0
Travel_Rarely,1107,14,95,3,1,Divorced,3034,26914,No,12,3,3,2,18,7,12,17
Travel_Rarely,759,2,46,3,2,Divorced,5715,22553,No,12,3,3,3,5,4,1,3
Travel_Rarely,201,1,95,3,1,Divorced,2576,20490,No,16,3,2,3,5,2,1,2
Travel_Rarely,1305,10,49,3,2,Single,4197,21123,Yes,12,3,4,2,1,0,0,1
Travel_Rarely,982,12,59,2,2,Divorced,14336,4345,No,11,3,3,3,25,10,3,9
Travel_Rarely,555,2,78,2,3,Married,3448,13436,No,22,4,2,3,1,0,0,0
Travel_Rarely,821,5,86,3,1,Married,19406,8509,No,11,3,3,2,4,2,1,2
Non-Travel,1381,4,72,3,3,Married,6538,12740,No,15,3,1,3,3,2,1,2
Travel_Rarely,480,7,31,3,1,Married,4306,4156,No,12,3,2,1,13,10,3,12
Travel_Frequently,313,21,61,3,4,Married,2258,15238,No,20,4,1,3,3,2,1,2
Travel_Rarely,1473,8,74,3,3,Divorced,4522,2227,Yes,14,3,4,3,5,2,0,2
Travel_Rarely,891,4,99,2,4,Single,4487,12090,Yes,11,3,2,3,5,4,1,3
Non-Travel,1063,25,72,3,3,Married,4449,23866,Yes,15,3,1,3,13,11,10,7
Travel_Rarely,329,1,98,2,1,Married,2218,16193,No,12,3,3,3,4,2,3,2
Travel_Frequently,1218,1,52,3,3,Divorced,19197,8213,Yes,14,3,3,3,21,8,1,6
Travel_Frequently,906,6,86,4,1,Married,13212,18256,No,11,3,4,2,7,7,7,7
Travel_Rarely,1082,12,83,3,3,Single,6577,19558,No,11,3,2,3,5,4,4,4
Travel_Rarely,645,1,49,4,1,Married,8392,19566,No,16,3,3,3,10,7,0,7
Travel_Rarely,1300,17,79,3,1,Divorced,4558,13535,No,12,3,4,3,10,0,1,8
Travel_Rarely,688,3,91,3,1,Married,4031,9396,No,13,3,3,3,2,2,0,2
Travel_Rarely,319,3,39,2,3,Married,7969,19609,Yes,14,3,3,3,5,4,0,4
Travel_Rarely,192,10,69,3,4,Married,2654,9655,No,21,4,4,2,2,2,0,2
Travel_Rarely,1490,4,30,3,4,Married,16555,10310,No,13,3,4,1,5,2,1,4
Travel_Frequently,532,29,92,3,3,Divorced,4556,12932,No,11,3,2,3,5,4,0,2
Travel_Rarely,317,2,43,1,4,Single,6091,24793,No,20,4,3,3,5,4,0,2
Travel_Rarely,422,7,41,3,1,Married,19566,3854,No,11,3,4,1,29,8,11,10
Travel_Rarely,1485,18,87,3,3,Divorced,4810,26314,No,14,3,3,2,10,7,0,8
Travel_Frequently,1368,28,88,2,4,Married,4523,4386,No,11,3,4,4,6,5,0,4
Travel_Rarely,1448,1,62,3,2,Single,3202,21972,Yes,16,3,2,3,5,3,1,4
Travel_Frequently,296,6,33,1,3,Divorced,2351,12253,No,16,3,4,2,2,2,1,0
Travel_Frequently,1490,2,42,3,4,Married,1702,12106,Yes,23,4,3,3,1,0,0,0
Travel_Rarely,1398,2,79,3,3,Married,18041,13022,No,14,3,4,3,20,15,1,12
Travel_Rarely,1349,23,90,3,4,Divorced,2886,3032,No,22,4,2,1,3,2,0,2
Non-Travel,1400,3,53,3,4,Married,2097,16734,No,15,3,3,1,5,3,1,4
Travel_Rarely,986,3,93,2,3,Married,11935,21526,No,18,3,3,3,10,2,0,7
Travel_Rarely,408,25,71,2,2,Married,2546,18300,No,16,3,2,4,2,2,1,1
Travel_Rarely,489,2,52,2,4,Single,2564,18437,No,12,3,3,4,1,0,0,0
Non-Travel,1398,22,69,3,1,Married,8412,2890,No,11,3,3,3,9,8,7,8
Travel_Rarely,210,29,56,2,4,Divorced,14118,22102,No,12,3,3,2,1,0,0,0
Travel_Rarely,1099,29,88,2,3,Married,17046,9314,No,15,3,2,3,27,10,15,7
Non-Travel,1116,2,49,3,4,Single,2564,7181,No,14,3,3,2,11,7,6,7
Travel_Frequently,1499,28,80,2,1,Married,10266,2845,No,19,3,4,4,18,13,13,11
Travel_Rarely,983,2,65,3,4,Divorced,5070,7389,No,13,3,3,3,5,0,0,4
Travel_Rarely,1009,2,51,3,3,Married,17861,2288,No,13,3,3,1,3,2,0,1
Travel_Rarely,144,22,46,1,3,Single,4230,19225,No,15,3,3,3,5,4,4,3
Travel_Rarely,548,8,42,3,3,Single,3780,23428,No,11,3,3,3,1,0,0,0
Travel_Rarely,1303,2,62,2,3,Divorced,2768,8416,No,12,3,3,3,7,3,5,7
Travel_Rarely,1125,10,94,2,4,Married,9071,11563,Yes,19,3,3,3,3,2,1,2
Travel_Rarely,1274,9,33,3,2,Divorced,10648,14394,No,25,4,4,4,13,8,0,8
Travel_Rarely,1277,15,56,3,3,Married,13610,24619,Yes,12,3,4,4,7,6,7,7
Travel_Rarely,587,10,38,1,4,Divorced,3408,6705,No,13,3,1,3,4,3,1,3
Travel_Rarely,413,7,57,3,2,Single,2983,18398,No,14,3,1,3,3,2,1,2
Travel_Rarely,1276,16,72,3,3,Married,7632,14295,Yes,12,3,3,3,8,7,0,0
Travel_Frequently,534,20,66,3,3,Married,9824,22908,No,12,3,1,3,1,0,0,0
Travel_Frequently,988,23,43,3,1,Divorced,9950,11533,Yes,15,3,3,3,3,2,0,2
Travel_Frequently,1474,5,97,3,3,Married,2093,9260,No,17,3,4,3,2,2,2,0
Non-Travel,635,10,32,3,4,Single,9980,15318,No,14,3,4,2,10,3,9,7
Travel_Frequently,1368,4,99,2,3,Single,3894,9129,No,16,3,3,3,2,2,1,2
Travel_Rarely,163,2,37,3,4,Married,4051,19658,No,14,3,1,3,9,7,6,7
Travel_Rarely,1117,18,83,3,2,Single,16835,9873,No,23,4,4,3,10,9,7,7
Non-Travel,267,10,56,3,4,Single,6230,13430,No,14,3,4,3,14,3,1,10
Travel_Rarely,619,1,85,3,3,Married,4717,18659,No,11,3,3,3,11,9,6,9
Travel_Rarely,302,6,75,3,3,Single,13237,20364,No,15,3,3,3,20,6,5,13
Travel_Frequently,443,8,48,3,3,Married,3755,17872,No,11,3,1,3,8,3,0,7
Travel_Rarely,828,2,77,3,4,Single,6582,8346,Yes,13,3,3,4,6,5,0,5
Travel_Rarely,319,24,56,3,1,Married,7406,6950,Yes,21,4,4,2,10,9,5,8
Travel_Rarely,561,2,61,3,2,Married,4805,16177,No,19,3,2,4,8,7,3,7
Travel_Frequently,426,17,58,3,3,Divorced,2741,22808,Yes,11,3,2,2,7,7,1,0
Travel_Rarely,232,19,34,3,4,Divorced,4262,22645,No,12,3,2,4,3,2,1,2
Travel_Rarely,922,1,95,4,3,Divorced,16184,22578,No,19,3,3,3,6,1,0,5
Travel_Rarely,688,7,44,2,4,Divorced,11557,25291,No,21,4,3,2,5,4,0,1
Travel_Frequently,1306,5,69,3,2,Single,1878,8059,Yes,14,3,4,3,0,0,0,0
Non-Travel,1094,28,58,1,1,Divorced,10932,11373,No,15,3,3,3,1,0,0,1
Non-Travel,509,2,62,2,3,Single,6811,2112,Yes,17,3,1,3,8,7,0,7
Travel_Rarely,775,29,45,3,3,Divorced,4306,4267,No,12,3,1,3,0,0,0,0
Travel_Rarely,195,1,80,3,3,Single,4859,6698,No,16,3,4,3,5,4,0,3
Travel_Rarely,258,21,74,4,4,Single,5337,19921,No,12,3,4,3,10,7,5,7
Travel_Rarely,471,24,66,1,4,Single,2340,23213,Yes,18,3,2,1,1,0,0,0
Travel_Rarely,799,1,59,3,4,Single,7491,23848,No,17,3,4,4,6,5,1,2
Travel_Frequently,1034,18,86,3,3,Married,10527,8984,No,11,3,4,2,2,2,1,2
Travel_Rarely,1276,2,91,3,1,Married,16595,5626,No,16,3,2,3,18,16,11,8
Non-Travel,142,9,69,3,2,Divorced,8834,24666,No,13,3,4,3,9,5,7,7
Travel_Rarely,956,6,78,3,1,Divorced,5577,22087,Yes,12,3,2,3,10,9,6,9
Non-Travel,1474,11,60,4,3,Married,4707,23914,No,12,3,4,3,4,2,1,2
Travel_Frequently,535,24,38,3,4,Married,2400,5530,No,13,3,3,3,2,2,2,1
Travel_Rarely,1495,10,76,3,3,Married,9824,22174,No,19,3,3,3,1,0,0,0
Travel_Rarely,446,1,65,3,2,Married,6447,15701,No,12,3,2,2,6,5,4,3
Travel_Rarely,1245,18,58,2,3,Divorced,19502,2125,Yes,17,3,3,3,31,9,0,9
Travel_Rarely,691,23,89,4,4,Married,2725,21630,Yes,11,3,2,3,6,5,1,4
Travel_Rarely,703,28,66,3,2,Married,6272,7428,No,20,4,4,4,5,3,1,4
Travel_Rarely,823,17,94,2,2,Married,2127,9100,No,21,4,4,3,1,0,0,0
Travel_Frequently,1246,3,99,3,2,Married,18200,7999,No,11,3,3,3,32,5,10,7
Travel_Rarely,622,13,40,3,3,Married,2096,26376,No,11,3,3,3,7,4,0,6
Travel_Frequently,1287,7,55,3,3,Married,2886,14168,Yes,16,3,4,3,6,3,1,2
Travel_Frequently,448,12,74,2,1,Married,2033,14470,No,18,3,3,4,1,0,0,0
Travel_Rarely,254,1,83,2,4,Married,3622,22794,Yes,13,3,4,3,6,5,1,3
Travel_Rarely,1365,13,46,3,1,Divorced,4233,11512,No,17,3,3,1,3,1,1,2
Travel_Rarely,538,25,54,2,4,Single,3681,14004,No,14,3,4,3,3,2,0,2
Travel_Rarely,525,6,66,4,4,Divorced,5460,6219,No,22,4,4,4,7,7,5,7
Travel_Rarely,798,6,66,2,3,Divorced,2187,5013,No,12,3,3,2,5,3,0,3
Travel_Rarely,558,2,75,3,3,Married,9602,3010,Yes,11,3,3,2,3,0,1,0
Travel_Rarely,959,1,83,2,2,Single,2836,11757,No,13,3,4,4,1,0,0,0
Travel_Rarely,622,2,81,3,4,Married,4089,5718,No,13,3,2,3,10,2,2,2
Travel_Rarely,782,6,50,2,4,Divorced,16627,2671,Yes,14,3,3,2,1,0,0,0
Travel_Rarely,362,1,43,3,1,Single,2619,14561,No,17,3,4,2,0,0,0,0
Travel_Frequently,1001,9,72,3,3,Divorced,5679,19627,Yes,13,3,2,3,8,7,4,7
Travel_Rarely,1236,1,40,2,1,Married,15402,17997,No,11,3,1,1,3,2,0,2
Travel_Rarely,1112,1,50,2,3,Single,5985,26894,No,11,3,2,4,2,2,0,2
Travel_Rarely,204,14,31,3,3,Divorced,2579,2912,Yes,18,3,4,3,8,2,0,6
Travel_Rarely,1420,2,85,3,1,Divorced,3041,16346,No,11,3,2,3,4,3,0,2
Travel_Rarely,1343,22,49,3,3,Single,3447,24444,No,11,3,3,3,3,2,1,2
Travel_Rarely,1315,3,35,3,4,Married,19513,9358,Yes,12,3,1,4,2,2,0,1
Travel_Rarely,604,6,69,3,3,Married,2773,12145,No,20,4,4,3,2,2,2,2
Travel_Rarely,1216,8,39,3,3,Divorced,7104,20431,No,12,3,4,3,5,0,1,2
Travel_Rarely,646,9,92,3,4,Married,6322,18089,Yes,12,3,4,2,6,4,0,5
Travel_Frequently,160,3,71,3,3,Divorced,2083,22653,No,20,4,3,3,1,0,0,0
Travel_Rarely,238,1,34,3,1,Single,8381,7507,No,20,4,4,4,14,7,8,10
Travel_Rarely,1397,1,42,3,4,Married,2691,7660,No,12,3,4,2,10,9,8,8
Travel_Frequently,306,26,100,3,1,Married,4286,5630,No,14,3,4,3,1,1,0,0
Travel_Rarely,991,6,71,3,4,Married,2659,17759,Yes,13,3,3,3,3,2,0,2
Travel_Rarely,482,3,36,3,3,Married,9434,9606,No,15,3,3,3,10,7,7,8
Travel_Rarely,1176,3,62,3,3,Married,5561,3487,No,14,3,1,2,6,0,1,2
Travel_Rarely,1017,6,82,1,4,Single,6646,19368,No,13,3,2,3,17,11,11,8
Travel_Frequently,1296,6,30,3,4,Divorced,7725,5335,No,23,4,3,1,13,11,4,7
Travel_Rarely,397,19,88,3,2,Married,10725,6729,No,15,3,3,4,9,7,7,1
Travel_Rarely,913,9,48,2,2,Divorced,8847,13934,Yes,11,3,3,3,3,2,0,2
Travel_Rarely,1115,3,54,2,4,Single,2045,15174,No,13,3,4,3,4,2,1,1
Travel_Rarely,1362,10,32,3,3,Single,1009,26999,Yes,11,3,4,3,1,0,1,1
Travel_Frequently,1076,3,70,3,1,Single,3348,3164,Yes,11,3,1,3,10,8,9,7
Non-Travel,727,3,41,2,3,Married,1281,16900,No,18,3,3,3,1,0,0,0
Travel_Rarely,885,4,58,4,1,Married,2819,8544,No,16,3,1,4,3,2,0,2
Travel_Rarely,810,8,57,4,2,Married,4851,15678,No,22,4,3,3,3,2,1,2
Travel_Rarely,243,7,46,2,4,Single,4028,7791,No,20,4,1,3,7,7,0,5
Travel_Frequently,806,1,76,1,4,Divorced,2720,18959,No,18,3,4,3,10,7,2,8
Travel_Rarely,817,2,56,4,2,Married,8120,18597,No,12,3,4,3,2,2,2,2
Travel_Frequently,1410,3,71,4,4,Divorced,4647,16673,Yes,20,4,2,3,6,5,0,4
Travel_Rarely,1225,10,80,4,4,Single,4680,15232,No,17,3,1,3,1,0,0,0
Travel_Rarely,1207,28,74,4,3,Married,3221,3297,Yes,11,3,3,3,20,8,3,8
Travel_Rarely,1442,9,46,2,2,Single,8621,17654,No,14,3,2,4,8,7,7,7
Travel_Rarely,693,3,65,3,3,Single,4577,24785,No,14,3,1,3,2,2,2,0
Travel_Rarely,408,2,80,2,3,Single,4553,20978,No,11,3,1,3,20,7,11,10
Travel_Rarely,929,10,55,3,4,Single,5396,21703,No,12,3,4,2,10,7,0,8
Travel_Frequently,562,8,50,3,3,Married,6796,23452,Yes,14,3,1,3,4,3,1,3
Travel_Rarely,827,1,33,4,4,Single,7625,19383,No,13,3,3,2,9,7,1,8
Travel_Rarely,608,1,68,3,1,Married,7412,6009,No,11,3,4,3,9,7,0,7
Travel_Rarely,1018,3,39,3,4,Single,11159,19373,No,15,3,4,3,7,7,7,7
Travel_Rarely,703,14,42,3,1,Single,4960,11825,No,12,3,4,3,7,7,1,7
Travel_Frequently,580,5,48,2,1,Married,10475,23772,Yes,21,4,3,3,18,13,1,12
Travel_Rarely,970,7,59,4,3,Married,14814,13514,No,19,3,3,3,5,1,1,3
Travel_Rarely,427,10,73,2,4,Divorced,19141,8861,No,15,3,2,2,21,6,12,6
Travel_Rarely,1179,16,84,3,1,Single,5405,11924,No,14,3,4,3,2,2,2,2
Travel_Frequently,294,10,32,3,1,Divorced,8793,4809,No,21,4,3,2,9,7,1,7
Travel_Rarely,314,1,59,2,3,Married,19189,19562,No,12,3,2,3,22,7,2,10
Travel_Rarely,316,8,54,3,2,Married,3875,9983,No,15,3,4,3,2,2,2,2
Travel_Rarely,654,1,67,1,2,Single,2216,3872,Yes,13,3,4,3,7,7,3,7
Non-Travel,427,8,63,4,1,Married,11713,20335,No,14,3,1,3,8,7,0,5
Travel_Rarely,168,1,81,3,3,Single,7861,15397,Yes,14,3,4,4,1,0,0,0
Non-Travel,381,24,49,1,3,Single,3708,2104,No,14,3,3,3,5,2,1,4
Travel_Frequently,217,3,49,3,3,Divorced,13770,10225,Yes,12,3,4,2,22,2,11,13
Travel_Rarely,501,27,99,3,4,Divorced,5304,25275,No,23,4,4,2,8,7,7,7
Travel_Rarely,1396,10,99,3,3,Single,2642,2755,No,11,3,3,3,1,0,0,0
Travel_Frequently,933,19,57,4,3,Divorced,2759,20366,Yes,12,3,4,3,2,2,2,2
Travel_Frequently,775,15,47,2,4,Married,6804,23683,No,18,3,3,3,2,2,2,2
Travel_Rarely,970,8,96,3,3,Single,6142,7360,No,11,3,4,3,5,1,4,3
Travel_Rarely,650,9,37,3,1,Married,2500,4344,No,14,3,4,4,4,3,0,2
Travel_Rarely,141,3,44,4,2,Married,6389,18767,No,15,3,3,1,8,3,3,6
Travel_Rarely,832,9,81,3,4,Married,11103,20420,No,11,3,3,2,10,7,1,1
Travel_Rarely,804,2,86,2,4,Single,2342,22929,Yes,20,4,4,2,4,2,2,3
Travel_Rarely,975,7,55,2,1,Single,6811,23398,No,19,3,1,1,7,6,0,7
Travel_Rarely,1090,10,83,3,2,Divorced,2297,17967,No,14,3,4,3,2,2,2,2
Travel_Rarely,346,6,86,3,4,Single,2450,10919,No,17,3,4,3,2,2,2,2
Non-Travel,1225,2,61,3,1,Divorced,5093,4761,No,11,3,1,4,1,0,0,0
Travel_Frequently,430,24,80,3,4,Married,5309,21146,No,15,3,4,3,10,8,4,7
Travel_Rarely,268,2,92,3,3,Married,3057,20471,Yes,13,3,2,1,1,0,0,1
Travel_Rarely,167,8,32,3,1,Divorced,5121,4187,No,14,3,3,3,0,0,0,0
Travel_Rarely,621,3,31,2,1,Married,16856,10084,No,11,3,1,4,34,6,1,16
Travel_Rarely,527,1,63,3,4,Single,2686,5207,Yes,13,3,3,2,10,9,7,8
Travel_Rarely,883,26,32,3,4,Single,6180,22807,No,23,4,2,2,6,5,1,4
Travel_Rarely,954,2,46,1,3,Single,6632,12388,No,13,3,1,3,8,7,3,1
Travel_Rarely,310,10,79,4,3,Single,3505,19630,No,18,3,4,3,2,2,0,2
Travel_Frequently,719,27,77,4,3,Single,6397,10339,Yes,12,3,4,3,5,4,1,3
Travel_Rarely,304,2,60,3,4,Single,6274,18686,No,22,4,3,3,6,5,1,4
Travel_Rarely,725,2,78,3,1,Married,19859,21199,Yes,13,3,4,3,5,2,1,4
Non-Travel,1434,8,76,2,1,Single,7587,14229,No,15,3,2,3,10,7,0,9
Non-Travel,715,19,41,3,4,Married,4258,26589,No,18,3,1,3,4,3,1,2
Travel_Frequently,575,1,71,1,4,Divorced,4364,5288,No,14,3,1,3,2,2,2,0
Travel_Rarely,657,27,66,3,3,Married,4335,25549,No,12,3,1,2,8,7,1,1
Travel_Rarely,1146,8,38,2,1,Single,5326,3064,No,17,3,3,2,4,3,1,2
Travel_Rarely,182,1,72,4,4,Single,3280,13551,No,16,3,3,3,4,2,1,3
Travel_Rarely,376,19,95,3,1,Divorced,5485,22670,Yes,11,3,2,3,5,3,1,4
Travel_Frequently,829,8,84,3,4,Married,4342,24008,No,19,3,2,3,4,2,1,1
Travel_Rarely,571,10,82,3,1,Divorced,2782,19905,Yes,13,3,2,2,5,3,4,3
Travel_Frequently,240,2,75,4,1,Single,5980,26085,Yes,12,3,4,3,15,7,4,12
Travel_Rarely,121,2,86,2,1,Single,4381,7530,No,11,3,3,3,6,5,1,3
Travel_Rarely,384,8,72,3,4,Married,2572,20317,No,16,3,2,2,3,2,0,2
Travel_Rarely,921,1,38,1,3,Married,3833,24375,No,21,4,3,3,2,2,0,2
Travel_Frequently,791,2,38,4,2,Married,4244,9931,No,24,4,4,3,8,7,3,7
Travel_Rarely,1111,8,93,3,1,Married,6500,13305,No,17,3,2,3,3,2,1,2
Travel_Frequently,570,8,66,3,4,Divorced,18430,16225,No,13,3,2,2,24,7,14,9
Travel_Rarely,1243,6,63,4,1,Married,1601,3445,Yes,21,4,3,3,0,0,0,0
Non-Travel,1092,9,60,2,2,Divorced,2694,26551,No,11,3,3,3,1,0,0,0
Travel_Rarely,1325,11,82,3,3,Married,3149,21821,No,20,4,2,3,5,2,1,4
Travel_Rarely,691,2,64,3,3,Married,17639,6881,No,16,3,4,3,4,3,0,3
Travel_Rarely,805,1,36,2,1,Married,2319,6689,Yes,11,3,4,3,1,0,0,0
Travel_Rarely,213,7,49,3,3,Married,11691,25995,No,11,3,4,4,13,9,3,7
Travel_Rarely,118,16,69,3,1,Single,5324,26507,No,15,3,3,3,3,2,0,2
Travel_Rarely,202,2,33,3,4,Married,16752,12982,Yes,11,3,3,2,26,14,3,0
Travel_Rarely,676,1,35,3,2,Married,5228,23361,No,15,3,1,3,9,7,0,5
Travel_Rarely,1252,23,81,4,3,Married,2700,23779,No,24,4,3,3,10,7,0,7
Travel_Rarely,286,2,31,3,2,Single,19246,25761,Yes,12,3,4,3,31,15,13,8
Travel_Rarely,1258,1,40,4,3,Single,2506,13301,No,13,3,3,3,2,2,2,2
Travel_Rarely,932,1,43,2,4,Married,6062,4051,Yes,13,3,4,3,4,3,0,2
Travel_Rarely,890,2,46,3,3,Single,4382,16374,No,17,3,4,2,2,2,2,1
Travel_Rarely,1041,13,36,3,2,Married,2143,25527,No,13,3,2,3,5,2,0,4
Travel_Rarely,859,4,98,2,3,Married,6162,19124,No,12,3,3,3,14,13,6,8
Travel_Frequently,720,16,51,2,3,Single,5094,11983,No,14,3,4,3,1,0,0,0
Travel_Rarely,946,2,52,2,4,Single,6877,20234,Yes,24,4,2,2,0,0,0,0
Travel_Rarely,252,2,95,2,3,Single,2274,6153,No,14,3,4,3,1,0,0,0
Travel_Rarely,933,29,98,3,2,Married,4434,11806,No,13,3,4,2,9,8,7,8
Travel_Frequently,471,12,45,2,1,Divorced,6288,4284,No,15,3,3,2,4,3,1,2
Travel_Frequently,702,16,100,2,4,Single,2553,8306,No,16,3,3,3,5,2,1,3
Travel_Rarely,1184,11,43,3,4,Married,7654,5860,No,18,3,1,4,9,8,7,7
Travel_Rarely,436,2,37,3,4,Single,5160,21519,No,16,3,3,2,9,7,7,3
Travel_Rarely,589,14,94,3,1,Married,17159,5200,No,24,4,3,3,4,1,1,0
Travel_Rarely,269,5,42,2,4,Divorced,12808,8842,Yes,16,3,2,3,9,8,0,8
Travel_Rarely,950,7,59,3,3,Single,10221,18869,No,21,4,2,4,8,5,1,6
Travel_Rarely,760,2,81,3,2,Married,4779,3698,Yes,20,4,1,3,8,7,7,5
Travel_Rarely,829,3,88,3,4,Married,3737,2243,No,19,3,3,1,3,2,0,2
Travel_Frequently,887,5,88,2,3,Married,2366,20898,Yes,14,3,1,3,8,7,1,7
Non-Travel,443,3,50,3,4,Married,1706,16571,No,11,3,3,2,0,0,0,0
Travel_Rarely,1318,26,66,3,3,Married,16307,5594,No,14,3,3,2,20,6,4,17
Travel_Rarely,625,4,50,3,2,Single,5933,5197,No,12,3,4,2,5,2,2,3
Travel_Rarely,180,2,65,4,1,Single,3424,21632,No,13,3,3,2,4,3,0,1
Travel_Rarely,586,1,48,4,1,Divorced,4037,21816,No,22,4,1,3,9,8,0,8
Travel_Rarely,1343,27,53,2,1,Single,2559,17852,No,11,3,4,2,6,5,1,1
Travel_Rarely,928,1,56,3,4,Married,6201,2823,Yes,14,3,4,2,18,14,4,11
Travel_Rarely,117,13,73,3,4,Divorced,4403,9250,No,11,3,3,2,5,2,0,3
Travel_Frequently,1012,5,75,2,4,Divorced,3761,2373,No,12,3,2,2,5,4,0,3
Travel_Rarely,661,7,78,2,4,Married,10934,20715,Yes,18,3,4,3,5,2,0,4
Travel_Rarely,930,9,74,3,1,Divorced,10761,19239,Yes,12,3,3,3,5,4,0,2
Travel_Rarely,638,8,91,4,3,Married,5175,22162,No,12,3,3,2,5,3,1,3
Travel_Frequently,890,25,81,2,4,Married,13826,19028,No,22,4,3,3,9,8,0,0
Travel_Rarely,342,16,66,2,3,Divorced,6334,24558,No,19,3,4,3,1,0,0,0
Travel_Rarely,1169,8,63,2,4,Divorced,4936,23965,No,13,3,4,3,5,1,0,4
Travel_Rarely,1230,1,33,2,4,Married,4775,19146,No,22,4,1,1,2,2,2,2
Travel_Rarely,986,8,62,4,4,Married,2818,5044,Yes,24,4,3,2,3,2,0,2
Travel_Frequently,1271,2,35,3,4,Single,2515,9068,Yes,14,3,4,3,2,1,2,2
Travel_Rarely,1278,8,77,2,1,Married,2342,8635,No,21,4,3,3,5,4,0,3
Travel_Rarely,141,3,98,3,1,Married,4194,14363,Yes,18,3,4,3,5,3,0,3
Travel_Rarely,607,9,66,2,3,Married,10685,23457,Yes,20,4,2,3,17,14,5,15
Travel_Frequently,130,25,96,3,2,Divorced,2022,16612,Yes,19,3,1,2,10,2,7,8
Non-Travel,300,1,61,3,4,Divorced,2314,9148,No,12,3,2,3,3,0,0,2
Travel_Rarely,583,4,87,2,1,Married,4256,18154,No,12,3,1,4,5,2,0,3
Travel_Rarely,1418,1,36,3,1,Married,3580,10554,No,16,3,2,3,4,2,0,2
Non-Travel,1269,4,46,2,4,Married,3162,10778,No,17,3,4,2,5,2,3,4
Travel_Frequently,379,5,48,3,2,Married,6524,8891,No,14,3,4,3,10,8,5,3
Travel_Rarely,395,9,98,2,2,Married,2899,12102,No,19,3,4,3,2,2,1,2
Travel_Rarely,1265,3,95,4,4,Married,5231,23726,Yes,13,3,2,2,5,3,1,3
Travel_Rarely,1222,11,48,3,4,Married,2356,14871,Yes,19,3,2,3,6,4,0,2
Travel_Rarely,341,1,48,2,3,Divorced,2800,23522,Yes,19,3,3,3,3,2,0,2
Travel_Rarely,868,8,73,3,4,Married,11836,22789,No,14,3,3,3,2,0,2,2
Travel_Rarely,672,25,78,2,2,Married,10903,9129,No,16,3,1,3,13,10,4,8
Travel_Frequently,1231,21,54,3,4,Married,2973,21222,No,15,3,2,3,5,4,0,0
Travel_Rarely,102,23,72,3,4,Single,14275,20206,No,18,3,3,3,12,9,3,8
Travel_Frequently,422,1,33,3,4,Married,5562,21782,No,13,3,2,2,5,2,2,2
Travel_Rarely,249,2,35,3,4,Married,4537,17783,Yes,22,4,1,3,7,6,7,7
Non-Travel,1252,19,32,3,2,Single,7642,4814,Yes,13,3,4,3,10,0,0,9
Non-Travel,881,2,98,3,1,Divorced,17924,4544,No,11,3,4,3,31,6,14,7
Travel_Rarely,1383,2,42,2,4,Married,5204,7790,No,11,3,3,3,5,4,0,4
Travel_Rarely,1075,3,57,3,2,Divorced,2277,22650,Yes,11,3,3,4,4,3,0,3
Travel_Rarely,374,25,87,3,4,Single,2795,18016,Yes,24,4,3,1,1,0,0,1
Travel_Rarely,1086,7,62,2,4,Divorced,2532,6054,No,14,3,3,3,4,3,0,3
Travel_Rarely,661,9,61,3,1,Married,2559,7508,Yes,13,3,4,3,8,7,7,1
Travel_Rarely,821,5,98,3,4,Single,4908,24252,No,14,3,2,3,4,2,0,2
Travel_Frequently,781,2,57,2,4,Divorced,2380,13384,Yes,14,3,4,2,1,0,0,0
Travel_Rarely,177,8,55,3,2,Divorced,4765,23814,No,21,4,3,4,1,0,0,0
Travel_Rarely,500,2,49,2,3,Single,2044,22052,No,13,3,4,2,2,2,0,2
Travel_Rarely,1427,18,65,3,4,Single,2693,8870,No,19,3,1,2,1,0,0,0
Travel_Rarely,1425,14,68,3,4,Married,6586,4821,Yes,17,3,1,2,16,8,4,11
Travel_Rarely,1454,2,65,2,4,Single,3294,13137,Yes,18,3,1,2,3,2,1,2
Travel_Rarely,617,3,34,3,3,Married,4171,10022,Yes,19,3,1,4,3,2,0,2
Travel_Rarely,1085,2,57,1,4,Divorced,2778,17725,Yes,13,3,3,2,7,7,1,0
Travel_Rarely,995,9,77,3,3,Divorced,2377,9834,No,18,3,2,3,2,2,2,2
Travel_Rarely,1122,6,70,3,1,Married,2404,4303,Yes,21,4,4,1,2,2,2,2
Travel_Rarely,618,4,76,3,3,Single,2318,17808,No,19,3,3,3,1,1,0,0
Travel_Rarely,546,10,83,3,2,Divorced,2008,6896,No,14,3,2,3,1,0,1,0
Travel_Rarely,462,14,68,2,3,Single,6244,7824,No,17,3,1,3,5,4,0,3
Travel_Rarely,1198,1,100,2,1,Single,2799,3339,Yes,11,3,2,3,3,2,0,2
Travel_Rarely,1272,5,37,2,2,Divorced,10552,9255,Yes,13,3,4,3,6,0,0,4
Travel_Rarely,154,7,41,2,3,Married,2329,11737,No,15,3,2,4,7,7,5,2
Travel_Rarely,1137,21,51,3,4,Married,4014,19170,Yes,25,4,4,1,10,6,0,7
Travel_Rarely,527,8,51,3,2,Married,7403,22477,No,11,3,3,2,26,9,1,7
Travel_Rarely,1469,20,51,3,3,Married,2259,5543,No,17,3,1,2,0,0,0,0
Non-Travel,1188,20,45,3,3,Married,6932,24406,No,13,3,4,2,9,8,0,0
Travel_Rarely,188,7,65,3,4,Single,4678,23293,No,18,3,3,3,6,2,0,1
Travel_Rarely,1333,1,80,3,1,Married,13582,16292,No,13,3,2,3,15,12,5,11
Non-Travel,1184,1,70,2,2,Married,2332,3974,No,20,4,3,3,3,0,0,2
Travel_Rarely,867,19,36,2,2,Married,2413,18798,Yes,18,3,3,3,1,0,0,0
Travel_Rarely,658,10,67,2,2,Divorced,9705,20652,No,12,3,2,2,1,0,0,0
Travel_Frequently,1283,1,52,2,1,Single,4294,11148,No,12,3,2,3,7,7,0,7
Travel_Rarely,263,6,59,3,1,Single,4721,3119,Yes,13,3,3,3,18,13,2,17
Travel_Rarely,938,2,79,3,3,Single,2519,12287,No,21,4,3,3,11,8,3,9
Travel_Rarely,419,21,37,2,2,Single,2121,9947,Yes,13,3,2,4,1,0,0,0
Travel_Rarely,129,4,84,3,1,Single,2973,13008,No,19,3,2,3,1,0,0,0
Travel_Rarely,616,12,41,3,4,Married,5855,17369,Yes,11,3,3,1,9,7,8,5
Travel_Frequently,1469,9,35,3,2,Divorced,3617,25063,Yes,14,3,4,3,1,1,0,0
Travel_Rarely,498,3,93,3,1,Married,6725,13554,No,12,3,3,4,8,7,6,3
Travel_Rarely,530,3,51,2,4,Married,10325,5518,Yes,11,3,1,3,16,7,3,7
Travel_Rarely,1069,1,42,2,4,Single,6949,12291,No,14,3,1,3,5,0,1,4
Travel_Rarely,625,1,46,2,3,Married,10609,14922,No,11,3,3,1,14,1,11,7
Non-Travel,805,4,57,3,2,Married,4447,23163,No,12,3,2,2,9,7,0,8
Travel_Frequently,1404,20,84,3,4,Married,2157,18203,No,15,3,2,3,3,1,0,2
Travel_Rarely,1219,18,86,3,3,Married,4601,6179,No,16,3,2,3,5,2,1,0
Travel_Rarely,1053,1,70,3,4,Married,17099,13829,No,15,3,2,2,9,8,7,8
Travel_Rarely,289,2,51,3,3,Single,2479,26227,No,24,4,1,3,1,0,0,0
Travel_Rarely,1376,2,45,3,3,Divorced,14852,13938,No,13,3,3,4,17,13,15,2
Travel_Rarely,231,8,62,3,3,Divorced,7264,9977,No,11,3,1,4,8,4,7,7
Non-Travel,152,10,85,3,4,Single,5666,19899,Yes,13,3,2,3,5,3,1,3
Travel_Rarely,882,3,92,3,4,Divorced,7823,6812,No,13,3,2,3,10,9,0,8
Travel_Rarely,903,2,41,4,3,Single,7880,2560,No,18,3,4,3,8,7,0,7
Non-Travel,1479,24,100,4,2,Single,13194,17071,Yes,16,3,4,2,1,0,0,0
Travel_Frequently,1379,16,64,4,3,Divorced,5067,6759,Yes,19,3,3,4,19,10,2,7
Non-Travel,1229,8,84,3,4,Divorced,5079,25952,No,13,3,4,3,7,7,0,7
Non-Travel,335,9,46,2,1,Single,2321,10322,Yes,22,4,1,3,3,2,1,2
Non-Travel,722,17,38,3,3,Single,17444,20489,No,11,3,4,3,10,8,6,0
Travel_Rarely,906,10,92,2,1,Single,2404,11479,Yes,20,4,3,3,0,0,0,0
Travel_Rarely,461,13,53,3,4,Single,3452,17241,No,18,3,1,3,3,2,0,2
Travel_Rarely,974,1,91,3,4,Divorced,2270,11005,No,14,3,4,3,5,3,0,2
Travel_Rarely,1126,1,66,3,4,Divorced,17399,6615,No,22,4,3,2,5,4,1,3
Travel_Frequently,827,1,84,4,2,Married,5488,20161,Yes,13,3,1,3,6,5,1,2
Travel_Frequently,840,9,64,3,3,Divorced,19419,3735,No,17,3,2,4,18,16,0,11
Travel_Rarely,1134,16,37,3,2,Married,2811,12086,No,14,3,2,3,2,2,2,2
Non-Travel,248,23,42,3,1,Married,3633,14039,Yes,15,3,3,3,9,8,0,8
Travel_Rarely,955,4,83,3,4,Single,4163,8571,Yes,17,3,3,3,9,0,0,7
Travel_Rarely,138,22,48,3,3,Married,2132,11539,Yes,11,3,2,3,5,2,0,1
Travel_Rarely,939,24,95,3,3,Married,13973,4161,Yes,18,3,4,3,12,11,1,5
Travel_Frequently,1391,10,66,3,3,Married,2684,12127,No,17,3,2,2,2,1,0,2
Travel_Rarely,566,7,75,3,3,Divorced,10845,24208,No,13,3,2,3,8,7,0,7
Travel_Rarely,1206,17,41,2,3,Divorced,4377,24117,No,15,3,2,3,4,2,3,2
Travel_Rarely,622,14,39,2,2,Divorced,3743,10074,Yes,24,4,4,1,4,2,0,2
Travel_Frequently,853,1,96,3,1,Married,4148,11275,No,12,3,3,3,4,3,0,3
Non-Travel,287,5,73,3,4,Single,1051,13493,No,15,3,4,3,0,0,0,0
Travel_Rarely,1441,17,56,3,3,Married,10739,13943,No,11,3,3,3,10,7,0,8
Travel_Rarely,583,25,57,3,3,Divorced,10388,6975,Yes,11,3,3,2,16,10,10,1
Travel_Rarely,153,8,73,4,1,Married,11416,17802,Yes,12,3,3,2,8,7,1,7
Travel_Rarely,1097,11,98,2,1,Single,2600,18275,Yes,15,3,1,3,1,0,0,0
Travel_Frequently,109,5,60,3,2,Single,2422,25725,No,17,3,1,3,3,2,1,2
Travel_Rarely,1066,2,32,4,4,Married,5472,3334,No,12,3,2,3,8,7,1,3
Travel_Rarely,217,8,94,1,1,Married,2451,6881,No,15,3,1,2,4,3,1,1
Travel_Rarely,277,6,97,2,3,Single,4240,13119,No,13,3,4,3,2,2,2,2
Travel_Rarely,1355,4,78,2,3,Single,10999,22245,No,14,3,2,3,15,11,4,8
Travel_Rarely,549,7,42,3,3,Single,5003,23371,No,14,3,2,3,2,2,2,1
Travel_Rarely,466,1,65,2,4,Married,12742,7060,No,16,3,3,3,21,6,11,8
Travel_Rarely,1055,2,47,3,4,Married,4227,4658,No,18,3,2,3,3,2,2,2
Travel_Rarely,802,10,45,3,4,Divorced,3917,9541,No,20,4,1,2,3,2,1,2
Travel_Rarely,265,5,90,3,3,Married,18303,7770,No,13,3,2,4,1,0,0,0
Travel_Rarely,804,9,64,3,4,Married,2380,20165,No,18,3,2,3,1,0,0,0
Travel_Rarely,715,2,69,2,4,Single,13726,21829,Yes,13,3,1,3,5,3,4,3
Travel_Rarely,1141,11,61,1,2,Married,4777,14382,No,15,3,1,1,1,0,0,0
Travel_Frequently,135,18,62,3,2,Married,6385,12992,Yes,14,3,4,3,8,7,6,7
Non-Travel,247,7,55,1,3,Divorced,19973,20284,No,22,4,2,3,21,16,5,10
Travel_Rarely,1035,3,42,3,4,Single,6861,4981,Yes,12,3,3,3,1,0,0,0
Non-Travel,265,29,79,1,1,Single,4969,21813,No,18,3,4,3,2,2,2,2
Travel_Rarely,266,2,57,1,4,Married,19845,25846,No,15,3,4,3,32,14,6,9
Travel_Rarely,1448,28,53,4,4,Married,13320,11737,Yes,18,3,3,3,12,11,11,11
Non-Travel,145,1,95,3,3,Married,6347,24920,No,12,3,1,3,18,7,0,13
Travel_Rarely,885,16,43,4,1,Single,2743,8269,No,16,3,3,3,17,13,15,14
Travel_Frequently,945,22,82,3,1,Single,10880,5083,Yes,13,3,3,3,21,6,2,8
Non-Travel,1038,8,88,2,4,Single,2342,21437,No,19,3,4,2,2,2,2,2
Travel_Rarely,1234,11,90,3,4,Married,17650,5404,No,13,3,2,4,9,3,1,1
Non-Travel,1109,29,69,3,3,Single,4025,11135,No,12,3,2,3,8,7,7,7
Travel_Rarely,216,1,75,4,4,Divorced,9725,12278,No,11,3,4,2,15,1,0,9
Travel_Rarely,1089,1,66,3,4,Married,11904,11038,Yes,14,3,3,1,6,4,0,4
Travel_Rarely,788,24,36,3,2,Single,2177,8318,No,16,3,1,3,6,3,0,4
Travel_Frequently,124,2,38,2,2,Married,7525,23537,No,12,3,1,3,15,7,6,12
Travel_Rarely,660,15,81,3,3,Divorced,4834,7858,No,14,3,2,2,1,0,0,0
Travel_Frequently,342,2,57,3,1,Married,2042,15346,Yes,14,3,2,3,3,2,1,2
Travel_Rarely,1333,10,87,3,3,Married,2220,18410,Yes,19,3,4,3,1,1,0,0
Travel_Rarely,1144,10,74,3,2,Married,1052,23384,No,22,4,2,3,1,0,0,0
Travel_Frequently,1186,3,44,3,3,Married,2821,2997,No,16,3,1,3,2,2,2,2
Travel_Rarely,1464,2,62,3,3,Married,19237,12853,Yes,11,3,4,2,8,1,7,7
Travel_Rarely,124,3,35,3,2,Single,4107,13848,No,15,3,1,2,4,3,0,1
Travel_Rarely,300,26,74,3,1,Married,8396,22217,No,14,3,2,2,7,7,7,5
Travel_Frequently,921,1,66,2,3,Divorced,2007,25265,No,13,3,3,3,5,3,1,3
Travel_Rarely,430,1,40,3,4,Divorced,19627,21445,No,17,3,4,3,2,2,2,2
Travel_Rarely,1082,2,41,2,3,Married,10686,8392,No,11,3,2,3,9,4,7,0
Travel_Frequently,1240,9,63,3,3,Married,2942,12154,No,19,3,2,3,5,4,0,3
Travel_Rarely,796,12,51,2,4,Single,8858,15669,No,11,3,2,2,14,8,7,8
Non-Travel,444,2,40,2,1,Single,16756,17323,No,15,3,2,4,9,7,6,2
Travel_Rarely,415,25,79,2,4,Divorced,10798,5268,No,13,3,3,3,1,0,0,0
Travel_Frequently,769,9,54,3,4,Single,2323,17205,Yes,14,3,2,3,2,2,0,2
Travel_Rarely,1334,10,36,2,1,Single,1416,17258,No,13,3,1,2,1,0,1,0
Travel_Rarely,1003,8,74,2,1,Divorced,4615,21029,Yes,23,4,1,3,16,13,1,7
Travel_Rarely,1323,4,34,3,3,Married,2461,10332,Yes,12,3,3,4,10,0,2,7
Non-Travel,1366,24,72,2,1,Single,8722,12355,No,12,3,1,2,10,7,1,9
Travel_Rarely,192,1,59,2,1,Married,3955,11141,No,16,3,1,3,5,3,1,3
Travel_Rarely,1176,20,85,3,1,Married,9957,9096,No,15,3,3,2,6,2,0,2
Travel_Rarely,509,7,43,4,3,Married,3376,18863,No,13,3,3,3,10,6,0,8
Travel_Rarely,330,17,65,2,3,Married,8823,24608,No,18,3,1,2,19,9,1,9
Travel_Rarely,1492,20,61,3,4,Married,10322,26542,No,20,4,4,3,11,10,11,1
Non-Travel,1277,8,87,1,3,Married,4621,5869,No,19,3,4,3,3,2,1,2
Travel_Frequently,1091,2,65,3,2,Married,10976,15813,No,18,3,2,3,3,2,1,2
Travel_Rarely,857,10,59,3,3,Single,3660,7909,No,13,3,4,4,8,7,1,7
Travel_Rarely,1376,1,91,2,1,Married,10482,2326,No,14,3,4,3,20,6,3,6
Travel_Rarely,654,5,34,2,4,Divorced,7119,21214,No,15,3,3,3,3,2,1,2
Travel_Rarely,1204,4,86,3,1,Single,9582,10333,Yes,22,4,1,3,8,7,4,7
Travel_Frequently,827,29,54,2,3,Single,4508,3129,No,22,4,2,3,13,7,3,8
Travel_Rarely,895,15,50,3,3,Divorced,2207,22482,No,16,3,4,2,4,2,2,2
Travel_Frequently,618,3,45,3,4,Single,7756,22266,No,17,3,3,2,6,2,0,4
Travel_Rarely,309,10,88,2,4,Divorced,6694,24223,Yes,14,3,3,3,1,0,0,0
Travel_Rarely,1219,4,32,3,4,Married,3691,4605,Yes,15,3,2,4,7,7,5,6
Travel_Rarely,1330,21,37,3,3,Divorced,2377,19373,No,20,4,3,2,1,1,0,0
Travel_Rarely,1017,25,55,2,2,Single,2313,2993,Yes,20,4,2,3,2,2,2,2
Travel_Rarely,469,2,35,3,1,Married,17665,14399,No,17,3,4,3,22,6,13,7
Travel_Frequently,1009,1,45,2,2,Divorced,2596,7160,No,15,3,1,3,1,0,0,0
Travel_Frequently,959,1,81,3,3,Single,4728,17251,Yes,14,3,4,3,0,0,0,0
Travel_Frequently,970,7,30,3,2,Married,4302,13401,No,17,3,3,3,3,2,0,2
Non-Travel,697,3,40,2,4,Married,2979,22478,No,17,3,4,3,0,0,0,0
Non-Travel,1262,1,35,4,4,Single,16885,16154,No,22,4,3,2,5,4,2,1
Non-Travel,1050,9,65,2,3,Married,5593,17970,No,13,3,4,3,15,10,4,12
Travel_Rarely,994,7,87,3,2,Single,10445,15322,No,19,3,4,3,8,6,4,0
Travel_Rarely,770,10,73,2,3,Divorced,8740,5569,Yes,14,3,2,3,8,7,2,7
Travel_Rarely,1107,28,93,3,4,Divorced,2514,26968,No,22,4,1,3,7,5,1,7
Travel_Rarely,950,3,93,3,2,Divorced,7655,8039,No,17,3,2,2,9,7,1,7
Travel_Rarely,406,3,52,3,3,Married,17465,15596,No,12,3,4,3,12,9,4,9
Travel_Rarely,130,2,32,3,2,Single,7351,20619,No,16,3,3,3,1,0,0,0
Travel_Frequently,1082,27,83,3,1,Married,10820,11535,No,11,3,3,3,8,7,0,1
Travel_Frequently,203,2,84,3,4,Divorced,12169,13547,No,11,3,4,3,18,7,11,5
Travel_Rarely,1308,14,44,2,3,Single,19626,17544,No,14,3,1,4,20,7,4,9
Travel_Rarely,984,1,70,2,2,Single,2070,25326,Yes,11,3,3,4,2,2,2,2
Non-Travel,439,9,70,3,2,Single,6782,8770,No,15,3,3,2,5,4,0,3
Non-Travel,217,18,78,3,4,Single,7779,23238,No,20,4,1,3,11,9,0,9
Travel_Frequently,793,20,67,4,4,Married,2791,21981,No,12,3,1,3,2,2,2,2
Travel_Rarely,1451,2,67,2,2,Married,3201,19911,No,17,3,1,1,5,3,0,4
Travel_Frequently,1182,11,54,3,4,Divorced,4968,18500,No,11,3,4,3,5,2,0,2
Travel_Rarely,174,8,56,2,2,Married,13120,11879,No,17,3,2,3,9,8,2,3
Travel_Frequently,1003,2,95,3,3,Single,4033,15834,No,11,3,4,2,3,2,0,2
Travel_Frequently,490,10,61,3,2,Divorced,3291,17940,No,14,3,4,2,7,5,1,1
Travel_Rarely,188,29,56,1,4,Single,4272,9558,No,19,3,1,3,1,0,0,0
Travel_Rarely,718,8,79,2,4,Married,5056,17689,Yes,15,3,3,2,10,7,1,2
Travel_Rarely,433,1,37,4,3,Married,2844,6004,No,13,3,4,4,7,6,5,0
Travel_Frequently,773,6,39,2,3,Divorced,2703,22088,Yes,14,3,4,3,3,1,0,2
Non-Travel,247,8,80,3,3,Single,1904,13556,No,12,3,4,3,0,0,0,0
Travel_Rarely,603,9,77,3,1,Single,8224,18385,Yes,17,3,1,3,5,2,0,3
Travel_Rarely,167,12,46,3,4,Married,4766,9051,Yes,11,3,1,3,1,0,0,0
Travel_Frequently,874,15,72,3,3,Married,2610,6233,No,12,3,3,2,2,2,2,2
Travel_Rarely,367,25,52,2,4,Divorced,5731,17171,No,13,3,3,3,6,2,1,3
Travel_Rarely,199,6,55,2,3,Married,2539,7950,No,13,3,3,3,4,2,2,2
Travel_Rarely,1400,9,70,3,3,Married,5714,5829,No,20,4,1,2,6,5,1,3
Travel_Rarely,528,8,100,3,3,Single,4323,7108,No,17,3,2,1,5,4,1,4
Travel_Rarely,408,23,45,2,1,Married,7336,11162,No,13,3,1,1,11,8,3,10
Travel_Frequently,593,9,88,3,3,Single,13499,13782,No,17,3,3,2,18,7,2,13
Travel_Frequently,481,12,44,3,1,Single,13758,2447,Yes,12,3,2,2,21,9,13,14
Travel_Rarely,647,4,45,3,1,Single,5155,2253,No,13,3,4,4,6,4,1,5
Travel_Rarely,982,1,58,2,3,Married,2258,16340,No,12,3,2,3,8,0,1,7
Travel_Rarely,477,24,49,3,2,Single,3597,6409,No,22,4,4,3,4,3,1,2
Travel_Rarely,1485,12,79,3,4,Married,2515,22955,Yes,11,3,4,2,1,1,0,0
Travel_Rarely,1384,3,82,4,4,Married,4420,13421,No,22,4,2,3,8,7,0,7
Travel_Rarely,852,10,72,2,3,Married,6578,2706,No,18,3,1,3,10,3,1,4
Travel_Frequently,902,26,92,2,4,Married,4422,21203,Yes,13,3,4,1,1,1,0,0
Travel_Rarely,819,2,44,2,2,Divorced,10274,19588,No,18,3,2,4,7,7,6,4
Travel_Frequently,669,1,97,2,1,Single,5343,25755,No,20,4,3,3,13,9,4,9
Travel_Frequently,636,4,47,2,4,Married,2376,26537,No,13,3,2,4,2,2,2,2
Travel_Rarely,1372,9,85,1,3,Single,5346,9489,No,13,3,2,2,4,3,1,3
Non-Travel,862,2,76,3,1,Divorced,2827,14947,No,12,3,3,3,1,0,0,0
Travel_Rarely,718,4,92,3,1,Divorced,19943,18575,No,13,3,4,3,5,2,4,2
Travel_Rarely,1401,6,54,3,4,Married,3131,26342,No,13,3,1,3,10,8,0,8
Travel_Rarely,645,9,54,3,1,Single,2552,7172,No,25,4,3,3,1,1,0,0
Travel_Rarely,1457,7,83,3,3,Married,4477,20100,Yes,19,3,3,2,3,2,0,2
Travel_Rarely,977,1,56,2,4,Married,6474,9961,No,13,3,2,2,14,8,3,11
Travel_Rarely,805,3,87,2,3,Single,3033,12828,No,12,3,1,2,2,2,1,2
Travel_Rarely,1097,10,96,3,3,Single,2936,10826,Yes,11,3,3,3,6,4,0,2
Travel_Rarely,1223,7,50,3,3,Divorced,18606,18640,No,18,3,2,3,7,7,4,7
Travel_Rarely,942,15,69,1,4,Married,2168,26933,Yes,18,3,1,2,5,4,1,3
Travel_Frequently,1256,3,48,2,4,Married,2853,4223,Yes,11,3,2,3,0,0,0,0
Travel_Rarely,1402,2,69,3,1,Married,17048,24097,No,23,4,1,3,26,15,15,9
Non-Travel,111,17,74,1,3,Single,2290,4279,No,13,3,4,3,0,0,0,0
Travel_Rarely,147,2,99,3,3,Married,3600,8429,No,13,3,4,3,5,4,1,4
Non-Travel,906,5,95,2,1,Divorced,2107,20293,No,17,3,1,1,1,0,0,0
Travel_Rarely,1329,29,61,3,1,Divorced,4115,13192,No,19,3,3,3,4,3,0,3
Travel_Frequently,1184,2,62,3,2,Married,4327,25440,No,12,3,4,3,0,0,0,0
Travel_Frequently,1421,2,30,3,1,Married,17856,9490,No,22,4,3,3,2,2,2,2
Travel_Rarely,1179,19,78,2,1,Married,3196,12449,No,12,3,3,3,6,5,3,3
Travel_Rarely,1450,15,52,3,2,Married,19081,10849,No,11,3,1,3,4,2,0,3
Travel_Rarely,1361,17,94,3,1,Married,8966,21026,Yes,15,3,4,3,7,7,1,7
Travel_Rarely,984,17,97,3,2,Married,2210,3372,No,13,3,1,1,1,0,0,0
Travel_Frequently,1146,25,82,3,3,Married,4539,4905,No,12,3,1,2,10,7,0,1
Travel_Rarely,917,6,60,1,3,Divorced,2741,6865,No,14,3,3,3,7,7,1,7
Travel_Rarely,853,7,49,3,3,Divorced,3491,11309,No,13,3,1,2,10,7,8,9
Travel_Rarely,200,29,32,3,4,Single,4541,7744,No,25,4,2,3,20,11,13,17
Travel_Rarely,654,21,43,4,4,Single,2678,5050,No,17,3,4,3,2,1,2,2
Travel_Rarely,150,2,60,3,4,Divorced,7379,17433,No,11,3,3,2,6,3,1,4
Non-Travel,179,2,79,4,1,Married,6272,12858,No,16,3,1,4,4,3,0,3
Travel_Rarely,696,7,52,4,4,Divorced,5220,10893,Yes,18,3,2,3,11,7,1,9
Travel_Frequently,116,13,77,2,2,Married,2743,7331,No,20,4,3,3,2,2,2,2
Travel_Frequently,1316,2,38,3,3,Single,4998,2338,Yes,14,3,4,3,8,7,0,7
Travel_Rarely,363,1,77,1,1,Divorced,10252,4235,Yes,21,4,3,3,7,7,7,7
Travel_Rarely,117,9,60,3,4,Married,2781,6311,No,13,3,2,3,14,10,4,10
Travel_Rarely,107,10,84,2,2,Divorced,6852,11591,No,12,3,2,4,5,1,1,3
Travel_Rarely,1356,10,57,3,4,Single,4950,20623,No,14,3,2,3,4,3,1,1
Travel_Rarely,1465,1,63,3,2,Married,3579,9369,Yes,21,4,1,3,11,9,5,7
Travel_Frequently,458,26,60,3,1,Married,13191,23281,Yes,17,3,3,3,1,0,0,0
Non-Travel,1212,8,78,2,4,Married,10377,13755,Yes,11,3,2,2,13,2,4,12
Travel_Rarely,1103,14,42,3,1,Married,2235,14377,Yes,14,3,4,2,9,7,6,8
Travel_Frequently,966,1,53,3,3,Divorced,10502,9659,No,17,3,1,1,5,4,1,4
Travel_Rarely,1117,2,72,4,4,Married,2011,19982,No,13,3,4,3,10,5,7,7
Non-Travel,504,10,96,2,2,Single,1859,6148,Yes,25,4,2,4,1,1,0,0
Travel_Rarely,1010,1,97,3,4,Divorced,3760,5598,No,15,3,1,3,3,2,1,2
Travel_Rarely,685,3,85,3,4,Married,17779,23474,No,14,3,1,3,10,9,0,9
Travel_Rarely,1332,11,80,3,1,Married,6833,17089,Yes,12,3,4,2,6,5,0,1
Travel_Rarely,1062,24,96,2,1,Single,6812,17198,No,19,3,2,3,10,9,1,8
Travel_Rarely,326,3,48,2,4,Single,5171,16490,No,17,3,4,3,6,1,0,5
Travel_Rarely,920,3,96,1,4,Married,19740,18625,No,14,3,2,3,8,7,0,7
Travel_Rarely,1098,4,85,2,3,Married,18711,12124,No,13,3,3,4,1,0,0,0
Travel_Frequently,469,3,46,3,2,Married,3692,9256,No,12,3,3,2,11,10,0,7
Travel_Rarely,969,2,76,4,2,Single,2559,16620,No,11,3,3,2,1,0,0,0
Travel_Rarely,1167,4,76,3,3,Divorced,2517,3208,No,11,3,2,3,5,3,0,3
Travel_Rarely,1329,7,82,3,4,Divorced,6623,4204,Yes,11,3,2,3,6,0,1,0
Travel_Rarely,715,1,76,2,4,Single,18265,8733,No,12,3,3,4,1,0,0,0
Travel_Rarely,694,1,87,2,4,Divorced,16124,3423,No,14,3,2,2,7,7,1,7
Travel_Rarely,1320,20,89,4,3,Married,2585,21643,No,17,3,4,2,1,0,0,0
Travel_Rarely,1099,5,88,3,2,Married,18213,8751,No,11,3,3,3,22,9,3,10
Travel_Rarely,536,10,82,4,3,Divorced,8380,21708,Yes,14,3,4,3,9,8,0,8
Travel_Rarely,265,25,57,4,4,Single,2994,21221,Yes,12,3,4,3,1,0,0,1
Travel_Rarely,373,1,47,3,3,Married,1223,16901,No,22,4,4,3,1,0,0,1
Travel_Frequently,599,24,73,1,4,Single,1118,8040,Yes,14,3,4,3,1,0,1,0
Travel_Rarely,583,4,53,3,4,Single,2875,9973,Yes,20,4,2,2,8,5,2,2
Travel_Rarely,1449,2,94,1,2,Single,18824,2493,Yes,16,3,1,3,24,10,1,11
Non-Travel,177,8,37,2,2,Divorced,13577,25592,Yes,15,3,4,3,33,9,15,0
Travel_Frequently,251,10,45,2,3,Single,2625,25308,No,20,4,3,1,2,2,2,2
Travel_Rarely,168,4,33,2,2,Married,18789,9946,No,14,3,3,3,11,4,0,8
Travel_Rarely,131,2,86,3,1,Single,4538,6039,Yes,12,3,4,3,3,2,0,2
Travel_Frequently,237,9,83,3,2,Divorced,19847,19196,Yes,24,4,1,2,29,10,11,10
Travel_Rarely,1429,18,67,3,4,Single,10512,20002,No,12,3,4,2,9,7,5,4
Travel_Frequently,135,19,46,3,2,Divorced,4444,22534,No,13,3,3,4,11,8,5,10
Travel_Frequently,791,1,44,3,3,Single,2154,6842,Yes,11,3,3,2,4,2,0,2
Travel_Rarely,1199,4,92,4,1,Divorced,19190,17477,No,14,3,4,2,25,9,14,13
Travel_Frequently,648,11,56,2,2,Married,4490,21833,No,11,3,4,4,10,9,1,8
Travel_Rarely,735,6,66,3,3,Married,3506,6020,Yes,14,3,4,3,3,2,2,2
Travel_Rarely,603,7,78,4,2,Married,2372,5628,Yes,16,3,4,3,1,0,0,0
Travel_Rarely,531,4,56,2,4,Single,10231,20364,No,14,3,4,4,21,7,15,17
Travel_Rarely,429,2,53,3,2,Single,5410,2323,Yes,11,3,4,3,16,14,5,12
Travel_Rarely,621,15,73,3,4,Married,7978,14075,No,11,3,4,3,10,7,0,5
Travel_Frequently,193,2,52,2,4,Married,3867,14222,Yes,12,3,2,3,2,2,2,2
Travel_Frequently,968,6,40,2,3,Single,2838,4257,No,14,3,2,2,7,0,7,7
Non-Travel,879,9,72,3,3,Single,4695,12858,Yes,18,3,3,3,8,4,1,7
Travel_Rarely,806,7,39,3,3,Divorced,3339,17285,Yes,13,3,1,3,7,7,7,7
Travel_Rarely,640,1,84,3,1,Single,2080,4732,No,11,3,2,2,3,2,1,2
Travel_Rarely,266,1,40,3,2,Single,2096,18830,No,18,3,4,2,2,2,2,1
Travel_Rarely,604,8,56,4,4,Married,6209,11693,No,15,3,3,4,10,7,0,8
Travel_Frequently,364,25,83,3,2,Single,18061,13035,No,22,4,3,3,0,0,0,0
Travel_Rarely,412,13,94,2,2,Divorced,17123,17334,Yes,13,3,4,3,19,9,15,2
Travel_Rarely,848,23,88,3,3,Divorced,2372,26076,No,12,3,4,3,2,2,2,2
Travel_Rarely,1089,7,79,3,3,Married,4883,22845,No,18,3,1,3,10,4,1,1
Travel_Rarely,360,23,93,3,1,Single,3904,22154,No,13,3,1,3,5,2,0,3
Travel_Rarely,1138,6,48,2,4,Married,4627,23631,No,12,3,1,3,9,2,6,7
Travel_Rarely,325,10,63,3,3,Married,7094,5747,No,12,3,1,3,7,7,1,7
Travel_Rarely,991,1,44,3,1,Single,3423,22957,No,12,3,3,4,7,6,5,7
Non-Travel,1476,1,55,1,4,Married,6674,16392,No,11,3,1,3,9,8,7,5
Travel_Rarely,1322,28,43,3,1,Married,16880,22422,Yes,11,3,2,3,3,2,1,2
Travel_Rarely,299,25,57,2,2,Single,9094,17235,Yes,12,3,3,3,5,4,1,0
Travel_Rarely,1030,5,64,3,2,Single,8446,21534,Yes,19,3,3,2,8,7,7,7
Travel_Rarely,634,17,95,3,1,Married,11916,25927,Yes,23,4,4,3,9,1,0,8
Travel_Rarely,524,18,32,3,3,Single,4534,13352,No,11,3,1,3,8,7,1,7
Non-Travel,587,2,57,3,3,Divorced,9852,8935,Yes,19,3,1,2,10,8,9,6
Non-Travel,256,10,40,1,2,Single,6151,22074,No,13,3,1,3,19,2,11,9
Travel_Frequently,1060,1,54,3,2,Single,2302,8319,Yes,11,3,1,4,3,2,2,2
Travel_Rarely,935,3,89,3,1,Married,2362,14669,No,12,3,3,4,3,2,1,2
Non-Travel,495,2,37,3,3,Married,17861,26582,Yes,13,3,4,2,20,8,2,10
Travel_Rarely,282,2,58,1,3,Married,19187,6992,No,14,3,4,3,19,9,9,11
Travel_Rarely,206,8,99,3,2,Single,19717,4022,No,14,3,1,3,7,3,7,7
Non-Travel,458,16,74,3,3,Divorced,3544,8532,No,16,3,2,3,4,2,0,0
Travel_Rarely,943,9,86,3,4,Divorced,8500,5494,No,11,3,4,2,9,7,1,6
Travel_Rarely,523,2,98,3,4,Single,4661,22455,No,13,3,3,3,9,8,8,8
Travel_Frequently,1018,1,66,3,1,Divorced,4103,4297,No,17,3,4,3,9,3,1,7
Travel_Frequently,482,4,87,3,3,Single,4249,2690,Yes,11,3,2,3,9,6,1,1
Travel_Rarely,770,5,84,3,2,Divorced,14026,17588,Yes,11,3,2,3,33,9,0,10
Travel_Rarely,1009,2,31,3,1,Divorced,6893,19461,No,15,3,4,3,7,7,1,7
Travel_Rarely,507,15,66,3,1,Single,6125,23553,No,12,3,4,4,10,8,9,6
Travel_Rarely,882,19,67,3,4,Married,3669,9075,No,11,3,3,2,3,2,1,2
Travel_Rarely,601,7,53,2,1,Married,10008,12023,Yes,14,3,4,2,10,9,5,9
Travel_Rarely,329,1,88,3,2,Married,2387,6762,No,22,4,3,3,4,2,0,3
Travel_Frequently,607,7,83,4,1,Married,4639,2261,No,16,3,4,2,15,7,6,13
Travel_Rarely,855,4,54,3,4,Single,7898,18706,No,11,3,3,3,10,9,0,8
Travel_Rarely,1291,11,98,4,4,Married,2534,6527,No,14,3,2,3,1,0,0,0
Travel_Rarely,1405,11,82,2,2,Single,13142,24439,No,16,3,2,2,5,2,0,3
Non-Travel,1124,1,97,3,4,Single,1611,19305,No,15,3,3,4,0,0,0,0
Travel_Rarely,817,1,60,2,4,Married,5363,10846,No,12,3,2,3,9,7,0,0
Travel_Frequently,793,2,43,1,4,Single,5071,20392,No,20,4,2,3,6,2,0,0
Travel_Rarely,267,13,85,4,3,Single,13695,9277,Yes,17,3,3,2,19,7,3,8
Travel_Rarely,1369,23,68,3,2,Married,13402,18235,Yes,12,3,1,3,19,16,15,9
Non-Travel,999,26,92,2,3,Divorced,2029,15891,No,20,4,3,3,5,4,0,0
Travel_Rarely,1202,2,89,4,3,Divorced,6377,13888,No,20,4,2,3,12,11,11,8
Travel_Rarely,285,29,86,3,3,Married,5429,17491,No,13,3,1,3,8,7,7,7
Travel_Frequently,703,2,90,2,4,Single,2785,11882,No,14,3,3,4,1,0,0,0
Travel_Frequently,662,18,67,3,3,Married,4614,23288,Yes,18,3,3,2,4,2,3,2
Travel_Frequently,693,7,57,4,3,Divorced,2610,15748,No,11,3,4,3,4,2,0,3
Travel_Rarely,404,2,98,3,4,Single,6687,6163,No,11,3,4,4,14,11,4,11
Travel_Rarely,736,26,48,2,1,Married,4724,24232,No,11,3,3,3,5,3,0,4
Travel_Rarely,330,22,98,3,3,Married,6179,21057,Yes,15,3,4,2,10,2,6,7
Travel_Rarely,1498,21,44,2,4,Married,6120,3567,Yes,12,3,4,4,5,4,1,4
Travel_Frequently,541,2,52,3,2,Married,10596,15395,No,11,3,2,3,4,2,3,2
Travel_Frequently,1200,22,75,3,4,Divorced,5467,13953,Yes,14,3,1,2,6,2,3,3
Travel_Rarely,1439,4,54,3,3,Married,2996,5182,Yes,15,3,4,3,6,4,1,3
Travel_Frequently,1111,5,61,3,4,Married,9998,19293,No,13,3,1,4,5,4,1,2
Travel_Rarely,499,2,36,3,2,Married,4078,20497,Yes,13,3,1,2,3,2,1,2
Non-Travel,1485,25,71,3,3,Married,10920,3449,No,21,4,2,3,6,4,0,5
Travel_Rarely,1372,18,93,4,3,Married,6232,12477,No,11,3,2,2,3,2,1,2
Travel_Frequently,322,28,59,4,3,Married,13247,9731,Yes,11,3,2,2,5,3,0,2
Travel_Rarely,930,6,73,2,3,Single,4081,20003,Yes,14,3,1,1,20,7,1,8
Travel_Rarely,205,10,98,2,4,Married,5769,7100,Yes,11,3,4,3,6,2,4,4
Travel_Rarely,135,17,51,3,3,Single,2394,25681,Yes,13,3,4,3,8,2,7,7
Travel_Rarely,683,2,36,2,4,Single,3904,4050,No,12,3,4,3,4,3,1,1
Travel_Rarely,1147,10,31,3,1,Married,16799,16616,No,14,3,3,3,20,7,0,9
Travel_Rarely,258,8,54,3,1,Married,2950,17363,No,13,3,3,1,5,4,0,4
Travel_Rarely,1462,11,94,3,3,Single,3629,19106,No,18,3,1,3,3,2,0,2
Travel_Frequently,200,18,60,3,4,Single,9362,19944,No,11,3,3,3,2,2,2,2
Travel_Rarely,949,1,81,3,4,Married,3229,4910,No,11,3,2,2,3,2,0,2
Travel_Rarely,652,7,100,4,1,Single,3578,23577,No,12,3,4,3,7,7,0,7
Travel_Rarely,332,17,51,2,1,Single,7988,9769,No,13,3,1,2,10,9,0,9
Travel_Frequently,1475,28,97,2,1,Single,4284,22710,No,20,4,1,3,4,3,1,3
Travel_Frequently,337,14,84,3,4,Single,7553,22930,Yes,12,3,1,3,8,7,7,7
Travel_Rarely,971,1,54,3,4,Single,17328,5652,No,19,3,4,2,20,7,12,7
Travel_Rarely,1055,1,76,3,1,Married,19701,22456,Yes,21,4,3,3,9,8,1,5
Travel_Rarely,1136,1,81,4,4,Divorced,14732,12414,No,13,3,4,4,7,7,0,0
Travel_Rarely,1174,3,99,3,2,Single,9278,20763,Yes,16,3,4,3,5,4,0,1
Travel_Frequently,667,1,50,1,3,Single,1359,16154,No,12,3,2,3,1,0,0,0
Travel_Rarely,855,7,73,3,1,Divorced,4779,12761,No,14,3,2,3,3,2,0,2
Travel_Rarely,182,8,93,3,2,Single,16422,8847,No,11,3,3,4,3,2,1,0
Travel_Frequently,560,1,91,3,1,Divorced,2996,20284,No,14,3,3,3,4,3,1,3
Travel_Rarely,202,8,34,2,2,Single,1261,22262,No,12,3,3,4,1,0,0,0
Travel_Rarely,1377,11,91,3,1,Married,2099,7679,No,14,3,2,4,5,0,1,4
Travel_Rarely,172,4,37,2,4,Single,5810,22604,No,16,3,3,2,10,4,1,8
Travel_Rarely,329,16,98,2,1,Married,5647,13494,No,13,3,1,2,3,2,0,2
Travel_Rarely,465,1,74,3,4,Married,3420,10205,No,12,3,3,2,6,5,1,2
Travel_Rarely,383,9,68,2,1,Married,4400,15182,No,12,3,1,3,3,2,2,2
Non-Travel,1413,5,84,4,3,Single,3500,25470,No,14,3,1,1,6,5,1,3
Travel_Rarely,1255,1,90,3,1,Married,2066,10494,No,22,4,4,4,3,2,1,0
Travel_Rarely,359,2,82,3,3,Married,17169,26703,No,19,3,2,4,20,17,5,6
Travel_Rarely,1476,4,42,3,3,Married,4162,15211,Yes,12,3,3,3,5,4,0,3
Travel_Rarely,601,7,97,3,4,Married,9204,23343,No,12,3,3,2,4,3,0,3
Travel_Rarely,401,1,86,2,2,Married,3294,3708,No,17,3,1,2,5,4,0,2
Travel_Rarely,1283,5,90,4,3,Married,2127,5561,Yes,12,3,1,2,4,2,0,3
Non-Travel,663,9,81,3,3,Divorced,3975,23099,No,11,3,3,4,8,7,0,7
Travel_Rarely,326,8,31,3,4,Divorced,10793,8386,No,18,3,1,3,13,7,9,9
Travel_Rarely,377,9,52,3,4,Divorced,10096,15986,No,11,3,1,4,7,7,4,3
Non-Travel,592,2,54,2,1,Single,3646,17181,Yes,23,4,2,4,1,0,0,0
Travel_Frequently,1445,1,100,4,2,Single,7446,8931,No,11,3,1,3,10,8,4,7
Travel_Rarely,1038,20,95,1,1,Divorced,10851,19863,Yes,18,3,2,3,7,7,0,7
Travel_Rarely,1398,8,96,4,2,Single,2109,24609,No,18,3,4,3,3,2,0,2
Travel_Frequently,523,2,94,3,4,Married,3722,21081,Yes,13,3,3,1,2,2,2,2
Travel_Rarely,1448,29,55,3,4,Married,9380,14720,Yes,18,3,4,4,3,1,1,2
Travel_Rarely,1221,7,96,3,1,Divorced,5486,24795,No,11,3,1,3,2,2,2,2
Travel_Rarely,1107,9,52,3,3,Married,2742,3072,No,15,3,4,3,2,2,2,2
Non-Travel,218,8,55,2,2,Divorced,13757,25178,No,11,3,3,3,9,8,4,8
Travel_Rarely,866,5,84,3,1,Single,8463,23490,No,18,3,4,3,5,4,1,3
Non-Travel,981,5,90,2,3,Single,3162,7973,No,14,3,4,3,5,2,0,3
Travel_Rarely,447,2,39,4,2,Single,16598,19764,No,12,3,2,2,9,8,8,8
Travel_Rarely,1495,5,96,3,3,Married,6651,21534,No,14,3,2,2,3,2,1,2
Travel_Rarely,896,2,68,3,3,Divorced,2345,8045,No,14,3,3,4,3,1,1,2
Travel_Rarely,1467,20,49,3,2,Single,3420,21158,No,13,3,3,2,5,2,1,3
Travel_Frequently,430,7,54,3,1,Married,4373,17456,No,14,3,1,3,4,3,0,3
Travel_Rarely,1326,3,81,1,1,Single,4759,15891,No,18,3,4,3,13,9,3,12
Travel_Rarely,1358,16,96,3,3,Married,5301,2939,No,15,3,3,2,2,1,2,2
Travel_Frequently,748,9,74,3,4,Single,3673,16458,No,13,3,3,3,12,9,5,8
Travel_Frequently,383,1,79,3,3,Married,4768,9282,No,12,3,3,2,1,0,0,0
Non-Travel,990,7,64,3,3,Divorced,1274,7152,No,13,3,2,2,1,0,0,0
Travel_Rarely,405,1,93,4,3,Married,4900,2721,No,24,4,1,2,12,9,2,8
Travel_Rarely,1490,7,35,3,2,Divorced,10466,20948,No,14,3,2,3,8,7,0,7
Travel_Frequently,829,15,71,3,1,Divorced,17007,11929,No,14,3,4,2,14,8,6,9
Travel_Frequently,1496,1,92,3,3,Married,2909,15747,No,15,3,4,4,3,2,1,2
Travel_Frequently,115,13,51,3,2,Single,5765,17485,No,11,3,1,1,5,3,0,0
Travel_Rarely,790,24,40,2,2,Single,4599,7815,Yes,23,4,3,4,15,9,10,10
Travel_Rarely,660,7,76,3,3,Married,2404,16192,No,13,3,1,3,1,0,0,0
Travel_Frequently,381,9,89,3,1,Single,3172,16998,Yes,11,3,3,2,0,0,0,0
Non-Travel,830,13,78,3,2,Married,2033,7103,No,13,3,3,3,1,0,0,0
Travel_Frequently,1193,2,86,3,3,Single,10209,19719,Yes,18,3,2,2,2,2,2,2
Travel_Rarely,1246,19,77,2,3,Divorced,8620,23757,No,14,3,3,3,10,7,0,4
Travel_Rarely,330,1,46,3,3,Divorced,2064,15428,No,21,4,1,4,5,3,1,3
Travel_Rarely,1229,4,30,3,3,Married,4035,16143,Yes,16,3,2,3,3,2,1,2
Travel_Rarely,1099,4,82,2,2,Married,3838,8192,No,11,3,4,3,5,4,0,2
Travel_Rarely,571,14,78,3,3,Married,4591,24200,Yes,17,3,3,2,5,4,1,2
Travel_Frequently,289,2,38,2,1,Single,2561,5355,No,11,3,3,2,0,0,0,0
Travel_Rarely,1423,1,72,2,3,Divorced,1563,12530,No,14,3,4,1,1,0,0,0
Travel_Frequently,467,7,55,3,1,Single,4898,11827,No,14,3,4,3,4,2,1,3
Travel_Rarely,271,3,43,2,1,Married,4789,23070,No,25,4,1,3,3,2,1,2
Travel_Frequently,410,2,97,3,2,Married,3180,4668,No,13,3,3,3,3,2,0,2
Travel_Rarely,1083,29,96,1,2,Married,6549,3173,No,14,3,2,2,8,6,1,7
Travel_Rarely,516,8,69,3,3,Single,6388,22049,Yes,17,3,1,3,0,0,0,0
Travel_Rarely,495,10,64,3,4,Single,11244,21072,No,25,4,2,4,5,2,0,0
Travel_Frequently,1050,11,87,3,4,Divorced,16032,24456,No,20,4,1,3,14,9,1,12
Travel_Rarely,224,1,100,2,1,Single,2362,7568,No,13,3,3,1,9,7,0,7
Travel_Rarely,136,28,32,3,1,Married,16328,22074,No,13,3,3,4,20,6,14,17
Travel_Rarely,1089,6,32,3,2,Single,8376,9150,No,18,3,4,3,2,0,2,2
Travel_Rarely,228,3,51,3,2,Married,16606,11380,No,12,3,4,4,13,12,5,1
Travel_Rarely,1029,16,91,2,2,Single,8606,21195,No,19,3,4,1,11,8,3,3
Travel_Rarely,507,20,97,3,3,Single,2272,24812,No,14,3,2,3,4,3,1,2
Travel_Rarely,676,9,86,3,1,Single,2018,21831,No,14,3,2,1,5,4,1,0
Travel_Rarely,971,1,64,2,3,Married,7083,12288,Yes,14,3,4,3,10,9,8,6
Travel_Frequently,561,3,33,3,3,Single,4084,4156,No,12,3,1,1,7,2,7,7
Travel_Frequently,333,22,88,1,4,Single,14411,24450,Yes,13,3,4,3,32,6,13,9
Travel_Rarely,1440,7,55,3,3,Married,2308,4944,Yes,25,4,2,3,11,10,5,7
Travel_Rarely,1210,2,68,2,2,Married,4841,24052,No,14,3,2,3,1,0,0,0
Travel_Rarely,674,13,47,3,4,Married,4285,3031,No,17,3,1,3,10,8,3,7
Travel_Rarely,441,8,39,1,1,Married,9715,7288,No,13,3,3,3,7,7,0,7
Travel_Rarely,575,25,44,2,2,Single,4320,24152,No,13,3,4,3,5,3,0,2
Travel_Rarely,950,28,97,3,4,Married,2132,4585,No,20,4,4,3,5,4,0,3
Travel_Frequently,288,2,40,3,4,Married,10124,18611,Yes,14,3,3,1,20,8,13,9
Travel_Rarely,1342,9,47,3,1,Married,5473,19345,No,12,3,4,4,8,4,7,1
Travel_Rarely,589,28,79,3,3,Married,5207,22949,Yes,12,3,2,3,15,14,5,7
Travel_Rarely,898,6,38,3,4,Single,16437,17381,Yes,21,4,4,3,21,7,7,7
Travel_Rarely,350,21,57,2,1,Divorced,2296,10036,No,14,3,2,3,1,1,0,0
Non-Travel,1142,8,72,3,4,Divorced,4069,8841,Yes,18,3,3,3,2,2,2,2
Travel_Rarely,538,1,66,3,2,Divorced,7441,20933,No,12,3,1,3,10,8,7,7
Travel_Rarely,1402,28,98,2,3,Married,2430,26204,No,23,4,1,3,5,3,4,2
Travel_Rarely,824,5,67,2,2,Married,5878,15624,No,12,3,1,3,7,1,2,5
Travel_Rarely,1157,2,70,3,4,Single,2644,17001,Yes,21,4,4,2,3,2,1,2
Travel_Rarely,492,16,96,3,3,Divorced,6439,13693,No,14,3,3,3,8,7,7,7
Travel_Rarely,598,9,91,4,3,Married,2451,22376,No,18,3,1,2,1,0,0,0
Travel_Rarely,1242,8,46,3,1,Married,6392,10589,No,13,3,4,1,2,2,2,2
Travel_Rarely,740,1,64,2,1,Married,9714,5323,No,11,3,4,3,10,8,6,7
Travel_Frequently,888,10,71,3,3,Married,6077,14814,No,11,3,3,3,6,3,1,2
Travel_Rarely,992,1,68,2,1,Single,2450,21731,No,19,3,2,3,3,0,1,2
Travel_Rarely,1288,29,33,3,2,Married,9250,17799,No,12,3,2,3,4,2,1,3
Travel_Rarely,104,2,69,3,1,Divorced,2074,26619,Yes,12,3,4,3,1,0,0,0
Travel_Rarely,607,2,78,2,4,Married,10169,14618,No,16,3,2,3,33,7,1,9
Travel_Rarely,903,2,81,3,2,Married,4855,7653,No,11,3,1,3,5,2,1,4
Non-Travel,1200,1,62,3,1,Married,4087,25174,No,14,3,2,2,6,5,1,2
Travel_Rarely,1108,15,65,3,1,Married,2367,16530,No,12,3,4,2,8,2,7,6
Travel_Rarely,479,7,35,3,4,Single,2972,22061,No,13,3,3,1,1,0,0,0
Travel_Rarely,685,26,60,2,4,Married,19586,23037,No,21,4,3,3,36,6,2,13
Travel_Rarely,1351,1,45,3,4,Married,5484,13008,No,17,3,2,2,2,2,2,1
Travel_Rarely,474,3,89,3,4,Married,2061,11133,No,21,4,1,3,1,0,0,0
Travel_Rarely,1245,14,80,3,2,Married,9924,12355,No,11,3,4,3,9,8,7,7
Travel_Rarely,437,16,90,3,2,Single,4198,16379,No,12,3,2,4,3,2,1,2
Travel_Rarely,884,1,73,3,3,Single,6815,21447,No,13,3,1,3,1,0,0,0
Travel_Rarely,1370,3,87,3,1,Single,4723,16213,Yes,18,3,4,3,10,9,1,5
Travel_Rarely,670,10,51,3,3,Single,6142,4223,Yes,16,3,3,3,5,2,0,4
Travel_Rarely,1462,6,38,4,3,Married,8237,4658,No,11,3,1,3,7,6,7,6
Travel_Frequently,995,2,87,3,4,Divorced,8853,24483,No,19,3,4,4,6,4,1,3
Travel_Rarely,264,9,59,3,3,Married,19331,19519,Yes,16,3,3,3,1,0,0,0
Travel_Rarely,977,10,45,4,3,Married,2073,12826,No,16,3,4,3,2,2,2,2
Travel_Frequently,1302,6,80,4,1,Married,5562,19711,Yes,13,3,4,3,3,2,0,2
Travel_Rarely,1059,9,93,2,4,Single,19613,26362,No,22,4,4,3,1,0,0,1
Travel_Rarely,750,28,46,4,3,Married,3407,25348,No,17,3,4,2,10,9,6,8
Travel_Frequently,653,10,92,2,3,Married,5063,15332,No,14,3,2,2,8,2,7,7
Travel_Rarely,118,14,84,3,1,Married,4639,11262,No,15,3,3,3,5,4,1,2
Travel_Rarely,990,27,87,4,2,Divorced,4876,5855,No,12,3,3,3,6,4,0,2
Travel_Rarely,1349,7,63,2,4,Married,2690,7713,No,18,3,4,2,1,0,0,1
Travel_Rarely,563,1,56,4,1,Single,17567,3156,No,15,3,2,1,26,0,0,12
Travel_Rarely,329,24,51,3,2,Married,2408,7324,Yes,17,3,3,3,1,1,0,0
Non-Travel,457,26,85,2,3,Married,2814,10293,Yes,14,3,2,2,4,2,1,3
Travel_Frequently,1234,20,41,3,3,Married,11245,20689,Yes,15,3,3,3,30,8,12,13
Travel_Rarely,634,5,35,4,4,Married,3312,18783,No,17,3,4,3,3,2,0,2
Travel_Rarely,1313,7,31,3,4,Divorced,19049,3549,Yes,14,3,4,2,22,7,1,10
Travel_Rarely,241,7,48,2,2,Married,2141,5348,No,12,3,2,2,6,4,1,1
Travel_Rarely,1015,5,50,1,1,Single,5769,23447,Yes,14,3,1,3,10,7,1,4
Non-Travel,336,26,52,2,1,Married,4385,24162,No,15,3,1,3,10,7,4,5
Travel_Frequently,715,2,54,3,1,Single,5332,21602,No,13,3,4,3,5,2,0,3
Travel_Rarely,559,12,76,3,3,Married,4663,12421,Yes,12,3,2,3,3,2,1,1
Travel_Frequently,426,10,42,4,4,Divorced,4724,17000,No,13,3,1,3,9,7,7,2
Travel_Rarely,722,25,84,3,1,Married,3211,22102,No,14,3,4,2,9,6,1,4
Travel_Rarely,1387,10,76,3,1,Married,5377,3835,No,13,3,4,3,7,7,7,7
Travel_Rarely,1302,19,67,2,1,Divorced,4066,16290,No,11,3,1,3,7,7,0,7
Travel_Rarely,819,18,48,4,1,Married,5208,26312,No,11,3,4,3,16,15,1,10
Travel_Rarely,580,27,39,1,1,Divorced,4877,20460,No,21,4,2,2,5,3,0,0
Travel_Rarely,546,5,97,3,4,Single,3117,26009,No,18,3,3,3,2,2,2,2
Travel_Frequently,544,3,70,3,4,Single,1569,18420,Yes,12,3,3,4,0,0,0,0
Travel_Rarely,1176,26,98,3,3,Married,19658,5220,No,11,3,3,3,5,2,1,0
Travel_Rarely,170,3,76,2,3,Divorced,3069,10302,No,15,3,4,3,10,8,0,7
Travel_Rarely,884,15,80,2,3,Married,10435,25800,No,13,3,4,3,18,15,14,12
Non-Travel,208,8,52,3,3,Married,4148,12250,No,12,3,4,3,14,11,2,9
Travel_Rarely,671,19,85,3,3,Married,5768,26493,No,17,3,1,2,4,3,0,2
Travel_Frequently,711,4,81,3,3,Single,5042,3140,No,13,3,4,1,9,2,3,8
Travel_Rarely,1329,2,59,2,4,Divorced,5770,5388,No,19,3,1,3,10,7,3,9
Travel_Rarely,397,2,54,2,3,Married,7756,14199,Yes,19,3,4,4,5,4,0,2
Travel_Rarely,737,10,55,2,1,Married,10306,21530,No,17,3,3,3,13,12,6,0
Travel_Rarely,1470,10,71,3,2,Married,3936,9953,No,11,3,1,1,8,4,7,7
Travel_Rarely,448,16,84,3,4,Single,7945,19948,Yes,15,3,4,2,4,2,3,3
Travel_Frequently,602,1,37,3,4,Married,5743,10503,Yes,11,3,3,3,10,7,0,2
Travel_Frequently,365,4,89,2,4,Married,15202,5602,No,25,4,2,3,2,2,2,2
Travel_Rarely,763,15,59,1,4,Divorced,5440,22098,Yes,14,3,4,2,2,2,2,2
Travel_Frequently,567,2,32,3,4,Single,3760,17218,Yes,13,3,3,3,6,3,1,3
Travel_Rarely,486,8,86,4,3,Married,3517,22490,No,17,3,1,3,3,2,0,2
Travel_Frequently,591,2,87,3,4,Single,2580,6297,No,13,3,3,2,4,2,1,2
Travel_Rarely,1329,7,73,3,1,Single,2166,3339,Yes,14,3,2,1,4,2,0,3
Travel_Rarely,469,10,42,2,3,Single,5869,23413,No,11,3,3,3,5,2,1,4
Travel_Rarely,711,5,42,3,1,Married,8008,22792,No,12,3,3,3,3,2,0,2
Travel_Frequently,772,2,77,4,3,Divorced,5206,4973,No,17,3,3,3,7,7,0,7
Travel_Rarely,492,12,66,3,2,Married,5295,7693,No,21,4,3,3,5,4,1,0
Travel_Rarely,301,22,72,3,2,Married,16413,3498,No,16,3,2,3,4,2,1,2
Travel_Rarely,813,17,50,2,1,Divorced,13269,21981,No,15,3,3,3,14,11,1,11
Travel_Rarely,1141,2,31,3,3,Single,2783,13251,No,19,3,1,3,2,2,2,2
Travel_Rarely,1130,3,66,3,2,Divorced,5433,19332,No,12,3,3,3,11,8,7,9
Travel_Rarely,311,7,77,3,2,Single,2013,10950,No,11,3,3,3,4,3,1,3
Travel_Rarely,465,6,41,2,3,Married,13966,11652,Yes,19,3,2,3,15,11,2,12
Non-Travel,894,1,33,2,3,Married,4374,15411,No,15,3,3,3,3,2,1,2
Travel_Rarely,1040,3,79,4,1,Divorced,6842,26308,No,20,4,1,3,5,4,0,4
Travel_Rarely,584,22,91,3,3,Married,17426,18685,No,25,4,3,3,10,8,4,7
Travel_Rarely,1291,15,65,2,3,Married,17603,3525,No,24,4,1,3,14,10,6,11
Travel_Frequently,880,12,36,3,4,Single,4581,10414,Yes,24,4,1,4,11,9,6,7
Travel_Frequently,1189,1,90,3,4,Married,4735,9867,No,15,3,4,4,13,11,2,9
Travel_Rarely,991,5,43,2,2,Divorced,4187,3356,Yes,13,3,2,2,10,0,0,9
Travel_Rarely,392,2,93,3,4,Divorced,5505,3921,No,14,3,3,3,6,2,0,4
Travel_Rarely,977,2,45,3,2,Divorced,5470,25518,No,13,3,3,2,9,5,1,6
Travel_Rarely,1112,5,67,3,4,Married,5476,22589,No,11,3,1,3,10,0,0,2
Travel_Rarely,464,16,74,3,1,Divorced,2587,24941,Yes,16,3,2,2,2,2,2,2
Travel_Frequently,148,2,42,2,2,Single,2440,23826,No,22,4,2,3,4,3,3,3
Travel_Rarely,1225,2,47,4,2,Divorced,15972,21086,No,14,3,3,3,3,2,1,2
Travel_Rarely,809,1,36,3,3,Single,15379,22384,No,14,3,1,3,8,7,0,0
Travel_Rarely,1206,23,80,3,3,Single,7082,11591,Yes,16,3,4,3,2,0,0,2
Travel_Rarely,727,9,54,3,1,Single,2728,21082,No,11,3,1,3,2,2,0,2
Non-Travel,530,16,36,3,4,Divorced,5368,16130,Yes,25,4,3,3,6,5,1,2
Travel_Rarely,1351,26,80,3,3,Married,5347,7419,No,14,3,2,2,3,2,0,2
Travel_Rarely,528,1,44,3,4,Divorced,3195,4167,Yes,18,3,1,3,2,2,2,2
Travel_Rarely,1320,8,93,2,3,Single,3989,20586,Yes,11,3,1,3,5,4,1,2
Travel_Rarely,1495,4,87,3,3,Married,3306,26176,No,19,3,4,2,0,0,0,0
Travel_Rarely,1395,24,48,4,4,Married,7005,3458,No,15,3,3,3,4,3,1,2
Travel_Frequently,708,7,95,3,3,Married,2655,11740,Yes,11,3,3,3,9,7,7,7
Travel_Rarely,1259,2,95,3,2,Single,1393,24852,No,12,3,1,3,1,0,0,0
Non-Travel,786,7,76,3,4,Single,2570,11925,No,20,4,3,3,7,7,5,7
Travel_Rarely,1441,22,94,2,2,Divorced,3537,23737,No,12,3,4,3,4,2,1,2
Travel_Rarely,1157,5,57,2,4,Married,3986,11912,No,14,3,3,4,15,10,4,13
Travel_Rarely,370,1,92,1,4,Divorced,10883,20467,No,20,4,3,4,1,0,0,0
Travel_Rarely,267,21,79,4,2,Married,2028,13637,No,18,3,4,3,14,11,2,13
Travel_Frequently,1278,1,31,1,4,Divorced,9525,7677,No,14,3,3,2,6,3,1,3
Travel_Rarely,678,19,35,2,4,Married,2929,20338,No,12,3,2,3,10,9,8,7
Travel_Rarely,427,7,99,3,4,Divorced,2275,25103,Yes,21,4,2,3,3,2,0,2
Travel_Rarely,921,2,96,4,4,Married,7879,14810,Yes,19,3,2,3,8,7,6,7
Travel_Frequently,146,2,79,2,4,Single,4930,13970,Yes,14,3,3,4,5,4,1,4
Travel_Rarely,1179,2,73,3,4,Married,7847,6069,Yes,17,3,1,3,10,9,8,8
Travel_Rarely,581,9,62,4,3,Married,4401,17616,No,16,3,4,3,5,3,0,4
Travel_Rarely,918,6,35,3,3,Single,9241,15869,No,12,3,2,3,10,8,8,7
Travel_Rarely,1082,9,43,3,3,Married,2974,25412,No,17,3,3,3,5,3,1,2
Travel_Rarely,530,2,51,3,4,Single,4502,7439,No,15,3,3,2,13,7,6,7
Non-Travel,1238,1,74,2,3,Married,10748,3395,No,23,4,4,2,23,15,14,4
Travel_Rarely,240,22,58,1,3,Married,1555,11585,No,11,3,3,3,1,0,0,0
Travel_Frequently,1093,9,82,1,3,Married,12936,24164,No,11,3,3,1,23,5,14,10
Travel_Rarely,390,17,62,1,3,Married,2305,6217,No,15,3,3,4,3,2,0,2
Travel_Rarely,1005,28,48,2,2,Single,16704,17119,No,11,3,3,3,21,6,8,6
Travel_Frequently,585,10,56,3,3,Married,3433,17360,No,13,3,1,2,5,2,1,3
Travel_Rarely,741,2,69,3,3,Married,3477,18103,No,14,3,4,4,5,2,0,3
Non-Travel,552,4,60,1,2,Married,6430,20794,No,19,3,2,3,3,2,1,2
Travel_Rarely,369,8,92,3,1,Married,6516,5041,Yes,16,3,2,3,1,0,0,0
Travel_Rarely,506,29,91,3,1,Divorced,3907,3622,No,13,3,2,4,6,2,1,2
Travel_Rarely,717,13,34,3,2,Single,5562,9697,No,14,3,4,3,10,7,0,9
Travel_Rarely,1370,27,49,3,3,Married,6883,5151,No,16,3,2,3,7,7,0,7
Travel_Rarely,793,16,33,3,4,Married,2862,3811,No,12,3,2,2,10,0,0,8
Non-Travel,543,2,87,3,2,Married,4978,3536,No,11,3,4,1,1,0,0,0
Travel_Rarely,1277,2,74,3,4,Divorced,10368,5596,Yes,12,3,2,2,10,6,0,3
Travel_Rarely,1456,13,96,2,1,Divorced,6134,8658,Yes,13,3,2,3,2,2,2,2
Travel_Rarely,964,1,34,1,2,Single,6735,12147,No,15,3,2,3,0,0,0,0
Travel_Rarely,160,4,51,3,2,Single,3295,12862,No,13,3,3,1,3,2,1,2
Travel_Frequently,163,24,30,3,4,Single,5238,6670,No,20,4,4,2,5,4,1,4
Non-Travel,792,1,77,3,4,Married,6472,8989,Yes,15,3,4,3,9,8,5,8
Travel_Rarely,371,19,80,1,3,Married,9610,3840,No,13,3,3,1,4,3,0,2
Travel_Rarely,611,7,88,3,2,Single,19833,4349,No,14,3,2,2,21,8,12,8
Travel_Rarely,176,4,56,1,3,Married,9756,6595,No,21,4,3,4,5,0,0,3
Travel_Frequently,1312,2,78,2,1,Single,4968,26427,No,16,3,4,3,9,7,0,7
Travel_Frequently,897,10,59,3,4,Married,2145,2097,No,14,3,4,3,2,2,2,1
Travel_Frequently,600,8,66,2,4,Divorced,2180,9732,No,11,3,3,2,4,2,1,2
Travel_Rarely,1003,5,51,3,3,Married,8346,20943,No,19,3,3,3,5,2,0,2
Travel_Rarely,1054,8,67,3,4,Single,3445,6152,No,11,3,3,2,6,2,1,4
Travel_Rarely,428,9,52,1,2,Single,2760,14630,No,13,3,3,3,2,2,2,2
Travel_Frequently,461,1,70,4,3,Single,6294,23060,Yes,12,3,4,4,3,2,0,2
Travel_Rarely,979,15,94,2,1,Divorced,7140,3088,No,11,3,1,3,7,7,1,7
Travel_Rarely,181,2,97,4,4,Married,2932,5586,Yes,14,3,1,3,5,0,1,2
Non-Travel,1283,2,62,3,2,Single,5147,10697,No,15,3,4,2,11,7,1,7
Travel_Rarely,1313,11,80,3,4,Single,4507,8191,No,12,3,3,4,5,1,0,4
Travel_Rarely,211,16,74,3,1,Single,8564,10092,Yes,20,4,3,2,0,0,0,0
Travel_Frequently,594,2,75,2,2,Married,2468,15963,No,14,3,2,2,6,1,0,5
Travel_Rarely,1079,16,70,3,3,Married,8161,19002,No,13,3,1,3,1,0,0,0
Travel_Rarely,590,4,91,2,1,Divorced,2109,10007,No,13,3,3,3,1,0,0,0
Travel_Rarely,305,16,58,4,3,Married,5294,9128,No,16,3,3,3,7,0,1,7
Non-Travel,953,5,65,3,2,Single,2718,17674,No,14,3,2,3,7,7,0,7
Travel_Rarely,833,18,60,1,4,Married,5811,24539,Yes,16,3,3,3,1,0,1,0
Travel_Frequently,807,17,38,2,3,Married,2437,15587,Yes,16,3,4,3,1,0,0,0
Travel_Rarely,855,12,57,3,2,Divorced,2766,8952,No,22,4,2,2,5,3,0,4
Travel_Rarely,478,2,60,2,1,Married,19038,19805,No,12,3,2,3,1,0,0,0
Non-Travel,775,4,90,3,2,Divorced,3055,6194,No,15,3,4,2,9,8,1,7
Travel_Rarely,548,9,94,3,1,Divorced,2289,20520,No,20,4,2,3,5,3,0,4
Non-Travel,1375,10,87,3,3,Divorced,4001,12313,Yes,14,3,3,3,15,14,0,7
Non-Travel,661,1,60,2,3,Married,12965,22308,Yes,20,4,4,2,3,2,0,2
Travel_Rarely,244,2,97,3,4,Single,3539,5033,No,13,3,2,3,9,7,1,8
Travel_Rarely,511,3,32,1,4,Single,6029,25353,No,12,3,1,3,2,2,2,2
Travel_Rarely,337,7,31,3,2,Single,2679,4567,No,13,3,2,3,1,0,1,0
Travel_Rarely,1153,6,40,2,3,Married,3702,16376,No,11,3,2,3,5,4,0,4
Travel_Rarely,1294,8,79,3,1,Married,2398,15999,Yes,17,3,3,3,1,0,0,0
Travel_Rarely,196,29,91,2,4,Married,5468,13402,No,14,3,1,3,12,7,5,7
Travel_Rarely,942,3,53,3,3,Married,13116,22984,No,11,3,4,3,2,2,2,2
Travel_Rarely,589,9,46,2,2,Married,4189,8800,No,14,3,1,3,5,2,0,3
Travel_Rarely,734,2,46,3,4,Divorced,19328,14218,Yes,17,3,3,3,2,1,2,2
Travel_Rarely,1383,10,90,3,1,Married,8321,25949,Yes,13,3,4,3,12,8,5,7
Travel_Frequently,429,1,99,3,2,Divorced,2342,11092,Yes,12,3,3,2,5,3,2,3
Travel_Rarely,1239,8,89,3,2,Divorced,4071,12832,No,13,3,3,2,10,0,4,7
Travel_Rarely,303,27,84,3,4,Single,5813,13492,Yes,18,3,4,3,10,7,7,7
Travel_Rarely,867,8,90,4,1,Married,3143,6076,No,19,3,2,3,10,8,7,6
Travel_Rarely,1181,1,82,3,4,Married,2044,5531,No,11,3,3,4,5,3,0,3
Travel_Rarely,1253,10,65,3,3,Single,13464,7914,No,21,4,3,3,4,3,2,2
Non-Travel,849,26,98,2,2,Single,7991,25166,No,15,3,3,3,2,2,2,2
Travel_Rarely,616,2,99,3,1,Married,3377,25605,No,17,3,4,2,4,3,0,2
Travel_Rarely,1128,13,95,4,1,Married,5538,5696,No,18,3,3,2,0,0,0,0
Non-Travel,1180,2,90,3,4,Divorced,5762,24442,No,14,3,3,3,7,7,1,7
Non-Travel,1336,2,100,3,2,Divorced,2592,7129,No,13,3,4,3,11,10,3,8
Travel_Frequently,234,9,93,3,1,Married,5346,6208,No,17,3,3,2,7,1,0,7
Travel_Rarely,370,10,58,3,1,Single,4213,4992,No,15,3,2,1,10,3,0,8
Travel_Frequently,766,20,83,3,4,Divorced,4127,19188,No,18,3,4,3,2,1,2,2
Non-Travel,343,9,52,3,3,Single,2438,24978,No,13,3,3,2,3,2,1,2
Travel_Rarely,447,5,85,4,2,Single,6870,15530,No,12,3,1,1,3,2,1,2
Travel_Rarely,796,4,81,3,3,Divorced,10447,26458,Yes,13,3,4,4,22,14,13,5
Travel_Rarely,1092,10,64,3,3,Single,9667,2739,No,14,3,2,3,7,7,0,2
Travel_Rarely,920,20,69,3,2,Married,2148,6889,Yes,11,3,3,3,5,1,1,4
Travel_Rarely,261,21,66,3,2,Married,8926,10842,No,22,4,4,4,9,7,3,7
Travel_Rarely,1194,1,52,3,4,Divorced,6513,9060,No,17,3,4,3,5,3,0,3
Travel_Rarely,810,8,92,4,3,Married,6799,22128,No,21,4,3,3,10,8,4,8
Non-Travel,350,2,52,3,2,Divorced,16291,22577,No,22,4,4,2,16,9,14,14
Travel_Rarely,185,23,91,1,3,Married,2705,9696,No,16,3,2,4,5,4,0,3
Travel_Rarely,1001,4,92,2,2,Divorced,10333,19271,Yes,12,3,3,3,22,11,14,10
Travel_Rarely,750,12,47,3,1,Divorced,4448,10748,No,12,3,2,3,7,4,7,7
Travel_Rarely,431,7,68,3,4,Married,6854,15696,No,15,3,2,2,7,1,1,7
Travel_Frequently,1125,7,68,3,1,Married,9637,8277,No,14,3,4,3,3,2,2,2
Travel_Rarely,1217,1,67,3,1,Married,3591,12719,No,25,4,3,3,3,2,1,2
Travel_Rarely,723,2,77,1,4,Married,5405,4244,Yes,20,4,1,2,4,2,0,3
Travel_Rarely,572,10,46,3,4,Single,4684,9125,No,13,3,1,3,5,3,1,2
Travel_Frequently,1216,15,87,3,3,Married,15787,21624,Yes,14,3,2,3,2,2,2,2
Non-Travel,1431,14,33,3,3,Single,1514,8018,No,16,3,3,1,0,0,0,0
Travel_Rarely,359,18,89,4,1,Married,2956,21495,No,17,3,3,3,1,0,0,0
Travel_Rarely,350,13,56,2,1,Divorced,2335,3157,Yes,15,3,4,3,2,2,2,0
Non-Travel,589,2,67,3,3,Married,5154,19665,No,22,4,2,4,8,7,5,7
Travel_Rarely,430,2,73,3,2,Married,6962,19573,Yes,22,4,4,3,1,0,0,0
Travel_Frequently,1422,2,92,3,4,Married,5675,19246,No,20,4,3,3,7,7,7,7
Travel_Frequently,1297,5,53,3,4,Single,2379,19826,Yes,14,3,3,2,5,4,0,2
Travel_Frequently,574,20,40,3,4,Married,3812,7003,No,13,3,2,4,11,8,3,10
Travel_Frequently,1318,10,79,3,4,Single,4648,26075,No,13,3,3,4,0,0,0,0
Non-Travel,355,10,38,3,3,Married,2936,6161,No,22,4,2,2,6,3,3,3
Travel_Rarely,207,9,64,3,3,Single,2105,5411,No,12,3,3,3,2,2,2,0
Travel_Rarely,706,2,82,3,4,Divorced,8578,19989,No,14,3,3,2,9,8,4,7
Non-Travel,280,1,43,3,4,Divorced,2706,10494,No,15,3,2,3,3,2,2,2
Travel_Rarely,726,29,93,1,3,Divorced,6384,21143,No,17,3,4,3,7,0,1,6
Travel_Rarely,1142,8,81,3,3,Single,3968,13624,No,13,3,4,3,0,0,0,0
Travel_Rarely,414,2,82,2,2,Single,9907,26186,Yes,12,3,3,2,2,2,2,2
Travel_Rarely,1319,3,45,4,1,Divorced,13225,7739,No,12,3,4,3,19,17,2,8
Travel_Rarely,728,23,36,2,3,Married,3540,7018,No,21,4,4,3,9,8,5,8
Travel_Rarely,352,6,87,2,2,Married,2804,15434,No,11,3,4,3,1,0,0,0
Travel_Rarely,823,6,81,2,3,Married,19392,22539,No,13,3,4,3,16,12,6,14
Travel_Rarely,1224,10,91,2,2,Married,19665,13583,No,12,3,4,3,22,10,12,9
Travel_Frequently,459,24,73,2,4,Single,2439,14753,Yes,24,4,2,2,1,0,1,0
Travel_Rarely,1254,10,64,3,2,Married,7314,14011,No,21,4,3,3,8,7,0,7
Travel_Frequently,1131,15,77,2,1,Married,4774,23844,No,19,3,4,2,7,6,7,3
Travel_Rarely,835,19,41,3,4,Divorced,3902,5141,No,14,3,2,3,2,2,2,2
Travel_Rarely,836,2,98,2,4,Married,2662,7975,No,20,4,2,4,5,2,0,4
Travel_Rarely,1172,3,78,3,2,Married,2856,3692,No,19,3,4,3,1,0,0,0
Travel_Rarely,945,9,89,3,4,Single,1081,16019,No,13,3,3,2,1,0,0,0
Travel_Rarely,391,7,75,3,2,Single,2472,26092,Yes,23,4,1,3,1,0,0,0
Travel_Rarely,1266,10,63,2,3,Married,5673,6060,Yes,13,3,1,3,10,9,1,7
Travel_Rarely,311,20,89,3,3,Divorced,4197,18624,No,11,3,1,3,10,8,0,2
Travel_Rarely,1480,4,64,3,4,Married,9713,24444,Yes,13,3,4,3,5,3,1,0
Travel_Rarely,592,7,59,3,1,Single,2062,19384,No,14,3,2,3,3,2,1,2
Travel_Rarely,783,7,78,3,1,Married,4284,13588,Yes,22,4,3,3,5,3,0,4
Travel_Rarely,219,16,44,2,2,Married,4788,25388,Yes,11,3,4,3,3,2,0,2
Travel_Rarely,556,25,93,2,4,Married,5906,23888,No,13,3,4,2,9,8,3,8
Travel_Frequently,1213,2,94,2,4,Single,3886,4223,No,21,4,4,2,10,1,0,8
Travel_Rarely,1137,1,98,3,1,Divorced,16823,18991,No,11,3,1,3,19,7,11,16
Travel_Rarely,482,1,90,2,3,Married,2933,14908,Yes,13,3,3,2,1,0,1,0
Travel_Rarely,511,2,89,4,3,Single,6500,26997,No,14,3,2,2,8,7,0,7
Travel_Frequently,117,22,58,3,4,Divorced,17174,2437,No,11,3,2,3,22,17,4,7
Travel_Rarely,170,1,78,4,1,Married,5033,9364,No,15,3,4,3,2,0,2,2
Non-Travel,967,16,85,1,1,Married,2307,14460,Yes,23,4,2,3,5,2,3,0
Travel_Rarely,1162,24,97,3,4,Single,2587,10261,No,16,3,4,3,4,2,1,0
Travel_Rarely,335,17,33,2,2,Married,5507,16822,No,16,3,3,1,4,2,1,3
Travel_Rarely,337,8,54,3,2,Married,4393,26841,No,21,4,3,3,5,4,1,4
Travel_Rarely,1396,6,83,3,1,Married,13348,14842,No,13,3,2,4,13,7,5,7
Travel_Rarely,1079,10,86,3,4,Divorced,6583,20115,Yes,11,3,4,3,5,2,1,4
Travel_Rarely,735,3,75,2,4,Married,8103,16495,Yes,12,3,3,2,4,2,0,1
Travel_Rarely,471,4,62,4,3,Divorced,3978,16031,No,12,3,2,2,2,2,2,2
Travel_Frequently,1096,6,61,4,4,Married,2544,7102,No,18,3,1,3,7,7,7,7
Travel_Frequently,1297,1,44,3,3,Single,5399,14511,No,12,3,3,3,4,2,0,3
Travel_Rarely,217,10,43,3,3,Single,5487,10410,No,14,3,2,2,10,4,0,9
Travel_Frequently,783,1,42,2,4,Married,6834,19255,Yes,12,3,3,3,7,7,0,7
Travel_Frequently,746,24,45,4,1,Single,1091,10642,No,17,3,4,3,1,0,0,0
Non-Travel,1251,21,32,1,3,Married,5736,3987,No,19,3,3,3,3,2,1,2
Travel_Rarely,1354,2,41,3,2,Married,2226,6073,No,11,3,3,2,5,3,1,2
Travel_Frequently,735,22,86,2,4,Married,5747,26496,Yes,15,3,2,3,15,10,6,11
Travel_Rarely,1475,13,84,3,3,Single,9854,23352,Yes,11,3,4,3,2,0,2,2
Non-Travel,1169,14,64,3,2,Married,5467,2125,No,18,3,3,4,8,7,1,7
Travel_Rarely,1443,11,89,2,1,Married,5380,20328,No,16,3,3,3,0,0,0,0
Travel_Rarely,867,9,87,3,1,Married,5151,12315,No,25,4,4,3,10,0,7,9
Travel_Frequently,1394,8,58,2,2,Divorced,2133,18115,Yes,16,3,3,3,20,11,0,7
Travel_Rarely,605,21,72,3,4,Married,17875,11761,Yes,13,3,3,2,1,0,0,0
Travel_Frequently,238,5,47,4,3,Single,2432,15318,Yes,14,3,1,3,4,1,0,3
Travel_Rarely,1206,9,71,3,4,Divorced,4771,14293,No,19,3,4,4,5,2,0,3
Travel_Frequently,1064,2,42,3,4,Married,19161,13738,No,15,3,4,3,5,4,4,3
Travel_Rarely,419,12,77,3,4,Divorced,5087,2900,Yes,12,3,3,3,0,0,0,0
Travel_Frequently,1337,22,58,2,2,Married,2863,19555,No,12,3,1,3,1,0,0,0
Travel_Rarely,682,18,71,3,1,Married,5561,15975,No,16,3,4,1,5,3,0,4
Non-Travel,1103,16,49,3,3,Single,2144,2122,No,14,3,3,2,5,3,1,4
Non-Travel,976,3,48,3,1,Divorced,3065,3995,Yes,13,3,4,4,4,2,2,3
Non-Travel,1351,9,66,4,2,Married,2810,9238,No,22,4,2,3,5,4,0,2
Travel_Rarely,937,1,32,3,4,Single,9888,6770,No,21,4,1,2,14,8,2,1
Travel_Rarely,1239,13,39,3,3,Divorced,8628,22914,No,18,3,3,2,8,7,1,1
Travel_Rarely,157,1,95,3,1,Single,2867,20006,No,13,3,4,2,7,7,7,6
Travel_Rarely,136,1,89,3,1,Married,5373,6225,No,12,3,1,2,5,3,0,2
Non-Travel,1146,15,34,3,4,Divorced,6667,16542,No,18,3,2,3,5,1,1,2
Travel_Frequently,1125,1,48,1,1,Married,5003,5771,No,21,4,2,3,10,8,8,7
Travel_Rarely,1404,17,32,2,4,Divorced,2367,18779,No,12,3,1,2,4,1,0,3
Travel_Rarely,1404,1,59,2,1,Single,2858,11473,No,14,3,1,2,1,0,0,0
Travel_Rarely,1224,7,55,3,4,Married,5204,13586,Yes,11,3,4,3,10,8,0,9
Travel_Rarely,954,9,44,3,4,Single,4105,5099,No,14,3,1,3,7,7,0,7
Travel_Rarely,1373,5,56,2,4,Single,9679,10138,No,24,4,2,3,1,0,0,0
Travel_Frequently,754,26,63,3,4,Married,5617,21075,Yes,11,3,3,3,10,7,0,8
Travel_Rarely,1168,24,66,3,1,Single,10448,5843,Yes,13,3,2,2,2,2,2,2
Travel_Rarely,155,9,67,3,3,Married,2897,22474,No,11,3,3,2,4,3,2,3
Travel_Frequently,1303,7,36,3,3,Divorced,5968,18079,No,20,4,3,3,9,7,2,8
Travel_Rarely,574,11,30,3,3,Married,7510,16873,No,17,3,2,3,10,9,0,9
Travel_Frequently,1444,1,88,3,2,Married,2991,5224,Yes,11,3,2,3,6,2,1,2
Travel_Rarely,189,26,71,4,2,Married,19636,25811,Yes,18,3,1,3,10,9,1,4
Travel_Rarely,1276,2,59,1,4,Divorced,1129,17536,Yes,11,3,3,3,1,0,0,0
Travel_Rarely,119,15,77,3,1,Single,13341,25098,No,12,3,1,3,20,8,11,10
Non-Travel,335,23,37,2,3,Single,4332,14811,No,12,3,4,3,20,9,3,7
Non-Travel,697,10,40,3,3,Married,11031,26862,No,20,4,3,4,11,7,4,8
Travel_Rarely,157,10,77,3,1,Single,4440,25198,Yes,19,3,4,3,5,2,1,4
Travel_Rarely,771,1,45,2,3,Single,4617,14120,No,12,3,2,2,4,3,1,2
Travel_Rarely,571,12,78,3,4,Single,2647,13672,No,13,3,3,4,5,2,1,4
Travel_Frequently,692,11,73,3,3,Married,6323,26849,No,11,3,1,4,10,9,9,4
Travel_Rarely,444,2,92,3,2,Married,5677,4258,No,14,3,3,3,11,8,5,10
Travel_Rarely,309,2,82,3,2,Married,2187,19655,No,14,3,3,3,2,0,1,2
Travel_Rarely,911,1,76,3,2,Married,3748,4077,No,13,3,3,2,12,8,1,7
Travel_Rarely,977,2,57,3,3,Divorced,3977,7298,Yes,19,3,3,2,2,2,0,2
Travel_Rarely,1180,25,84,3,3,Single,8633,13084,No,23,4,2,3,17,14,12,11
Non-Travel,1313,1,59,2,3,Divorced,2008,20439,No,12,3,3,2,1,1,0,0
Travel_Rarely,1321,1,86,3,2,Married,4440,7636,No,15,3,1,3,15,13,5,8
Travel_Rarely,1154,2,54,3,3,Married,3067,6393,No,19,3,3,3,2,2,1,2
Travel_Frequently,508,6,72,2,3,Married,5321,14284,No,11,3,4,3,8,3,7,7
Travel_Rarely,557,18,35,3,1,Divorced,5410,11189,Yes,17,3,3,2,4,3,1,2
Travel_Rarely,642,1,76,3,4,Married,2782,21412,No,22,4,1,3,5,3,1,0
Non-Travel,1162,1,98,3,2,Married,11957,17231,No,18,3,1,1,13,8,5,12
Travel_Rarely,1490,11,43,3,3,Married,2660,20232,Yes,11,3,3,3,2,2,2,2
Travel_Rarely,581,1,63,3,3,Single,3375,17624,No,12,3,4,4,3,2,1,2
Travel_Rarely,1395,9,48,3,3,Single,5098,18698,No,19,3,2,3,10,7,0,8
Travel_Rarely,501,15,95,3,4,Married,4878,21653,Yes,13,3,1,3,9,7,8,1
Travel_Rarely,267,29,49,2,2,Single,2837,15919,No,13,3,3,3,6,2,4,1
Travel_Rarely,543,1,83,3,4,Married,2406,4060,No,19,3,3,2,1,0,0,0
Travel_Rarely,234,1,68,2,2,Married,2269,18024,No,14,3,2,3,2,2,2,2
Travel_Rarely,116,24,52,3,4,Single,4108,5340,No,13,3,1,3,7,7,1,7
Travel_Rarely,201,10,99,1,3,Married,13206,3376,No,12,3,1,3,18,16,1,11
Travel_Rarely,801,1,48,3,4,Married,10422,24032,No,19,3,3,3,14,10,5,7
Travel_Rarely,161,10,42,4,4,Married,13744,15471,Yes,25,4,1,3,16,11,6,8
Travel_Rarely,1382,8,85,3,3,Divorced,4907,13684,Yes,22,4,2,2,5,3,0,4
Non-Travel,585,29,40,3,4,Divorced,3482,19788,No,15,3,2,2,9,8,0,0
Travel_Rarely,1037,1,42,3,4,Single,2436,13422,Yes,12,3,3,3,4,3,1,2
Travel_Rarely,501,5,58,3,1,Single,2380,25479,Yes,11,3,4,3,2,2,1,2
Non-Travel,105,9,87,3,4,Single,19431,15302,No,13,3,3,2,6,0,1,3
Travel_Frequently,638,9,33,3,1,Married,1790,26956,No,19,3,1,2,1,0,1,0
Travel_Rarely,557,3,94,2,4,Married,7644,12695,No,19,3,3,3,9,7,3,4
Travel_Frequently,688,4,97,3,2,Divorced,5131,9192,No,13,3,2,3,4,2,0,2
Non-Travel,667,1,57,3,3,Divorced,6306,26236,No,21,4,1,2,13,12,1,9
Travel_Rarely,1092,1,36,3,4,Married,4787,26124,Yes,14,3,2,4,2,2,2,2
Travel_Rarely,300,2,56,3,3,Married,18880,17312,No,11,3,1,2,22,6,4,14
Travel_Rarely,310,7,72,3,3,Married,2339,3666,No,11,3,4,1,10,9,9,8
Travel_Rarely,582,28,60,2,2,Married,13570,5640,No,23,4,3,3,20,7,0,10
Travel_Rarely,704,28,95,2,3,Married,6712,8978,No,21,4,4,3,8,7,1,7
Non-Travel,301,15,88,1,4,Divorced,5406,10436,No,24,4,1,2,15,12,11,11
Travel_Rarely,930,3,57,2,2,Divorced,8938,12227,No,11,3,3,3,5,4,0,4
Travel_Rarely,529,2,78,3,1,Single,2439,11288,No,14,3,4,3,4,2,1,2
Travel_Rarely,1146,26,31,3,4,Single,8837,16642,Yes,16,3,3,3,9,0,1,7
Travel_Rarely,345,10,100,3,4,Married,5343,5982,No,11,3,3,3,10,7,1,9
Travel_Frequently,878,1,94,3,3,Divorced,6728,14255,No,12,3,4,3,6,3,0,1
Travel_Rarely,1120,11,100,2,4,Married,6652,14369,No,13,3,1,2,6,3,0,0
Travel_Rarely,374,20,50,3,3,Single,4850,23333,No,15,3,3,3,5,3,0,1
Travel_Rarely,1322,2,52,2,3,Single,2809,2725,No,14,3,4,3,2,2,2,2
Travel_Frequently,1199,18,80,3,3,Married,5689,24594,Yes,14,3,4,4,10,2,0,2
Travel_Rarely,1194,2,98,3,3,Married,2001,12549,No,14,3,2,3,5,3,0,2
Travel_Rarely,287,1,62,1,4,Married,2977,8952,No,12,3,4,3,4,3,1,1
Travel_Rarely,1378,13,46,2,2,Married,4025,23679,Yes,13,3,1,3,4,3,0,3
Travel_Rarely,468,28,73,2,1,Single,3785,8489,No,14,3,2,1,5,4,0,4
Travel_Rarely,410,28,39,2,1,Divorced,10854,16586,Yes,13,3,2,3,3,2,2,0
Travel_Rarely,722,24,60,2,4,Married,12031,8828,No,11,3,1,2,20,9,9,6
Non-Travel,325,5,74,3,1,Single,9936,3787,No,19,3,2,3,9,4,1,7
Travel_Rarely,1167,5,30,2,3,Single,2966,21378,No,18,3,4,3,4,2,0,0
Travel_Frequently,884,23,41,4,4,Married,2571,12290,No,17,3,3,3,5,2,0,3
Travel_Rarely,613,6,42,2,1,Married,9991,21457,No,15,3,1,3,7,7,1,7
Travel_Rarely,155,4,87,4,2,Married,6142,5174,Yes,20,4,2,3,6,2,0,3
Travel_Frequently,1023,2,63,2,2,Married,5390,13243,No,14,3,4,2,9,6,0,8
Travel_Rarely,628,8,82,4,3,Married,4404,10228,No,12,3,1,4,4,3,1,2
